id iq logcond
-1.6000000 0.0800000 0.5150849
-1.6000000 0.1219512 0.5487508
-1.6000000 0.1639024 0.5906279
-1.6000000 0.2058537 0.6375762
-1.6000000 0.2478049 0.6874309
-1.6000000 0.2897561 0.7389083
-1.6000000 0.3317073 0.7913685
-1.6000000 0.3736585 0.8446001
-1.6000000 0.4156098 0.8986705
-1.6000000 0.4575610 0.9538366
-1.6000000 0.4995122 1.0105006
-1.6000000 0.5414634 1.0691985
-1.6000000 0.5834146 1.1306177
-1.6000000 0.6253659 1.1956424
-1.6000000 0.6673171 1.2654411
-1.6000000 0.7092683 1.3416194
-1.6000000 0.7512195 1.4264999
-1.6000000 0.7931707 1.5236687
-1.6000000 0.8351220 1.6391615
-1.6000000 0.8770732 1.7844690
-1.6000000 0.9190244 1.9862611
-1.6000000 0.9609756 2.3370271
-1.6000000 1.0029268 3.1172833
-1.6000000 1.0448780 2.2363344
-1.6000000 1.0868293 1.9770980
-1.6000000 1.1287805 1.8239191
-1.6000000 1.1707317 1.7167764
-1.6000000 1.2126829 1.6354645
-1.6000000 1.2546341 1.5706896
-1.6000000 1.2965854 1.5174023
-1.6000000 1.3385366 1.4725529
-1.6000000 1.3804878 1.4341589
-1.6000000 1.4224390 1.4008592
-1.6000000 1.4643902 1.3716794
-1.6000000 1.5063415 1.3458977
-1.6000000 1.5482927 1.3229651
-1.6000000 1.5902439 1.3024540
-1.6000000 1.6321951 1.2840251
-1.6000000 1.6741463 1.2674043
-1.6000000 1.7160976 1.2523676
-1.6000000 1.7580488 1.2387290
-1.6000000 1.8000000 1.2263326
-1.5500000 0.0800000 0.5122150
-1.5500000 0.1219512 0.5324187
-1.5500000 0.1639024 0.5589576
-1.5500000 0.2058537 0.5903746
-1.5500000 0.2478049 0.6253919
-1.5500000 0.2897561 0.6630118
-1.5500000 0.3317073 0.7025255
-1.5500000 0.3736585 0.7434750
-1.5500000 0.4156098 0.7856024
-1.5500000 0.4575610 0.8288037
-1.5500000 0.4995122 0.8730930
-1.5500000 0.5414634 0.9185782
-1.5500000 0.5834146 0.9654478
-1.5500000 0.6253659 1.0139666
-1.5500000 0.6673171 1.0644811
-1.5500000 0.7092683 1.1174340
-1.5500000 0.7512195 1.1733919
-1.5500000 0.7931707 1.2330909
-1.5500000 0.8351220 1.2975111
-1.5500000 0.8770732 1.3680013
-1.5500000 0.9190244 1.4464987
-1.5500000 0.9609756 1.5359421
-1.5500000 1.0029268 1.6411266
-1.5500000 1.0448780 1.7707243
-1.5500000 1.0868293 1.9431164
-1.5500000 1.1287805 2.2102800
-1.5500000 1.1707317 2.9133417
-1.5500000 1.2126829 2.4630876
-1.5500000 1.2546341 2.1053511
-1.5500000 1.2965854 1.9206633
-1.5500000 1.3385366 1.7977343
-1.5500000 1.3804878 1.7068227
-1.5500000 1.4224390 1.6355307
-1.5500000 1.4643902 1.5774926
-1.5500000 1.5063415 1.5290033
-1.5500000 1.5482927 1.4877160
-1.5500000 1.5902439 1.4520504
-1.5500000 1.6321951 1.4208919
-1.5500000 1.6741463 1.3934246
-1.5500000 1.7160976 1.3690336
-1.5500000 1.7580488 1.3472440
-1.5500000 1.8000000 1.3276813
-1.5000000 0.0800000 0.5157768
-1.5000000 0.1219512 0.5293360
-1.5000000 0.1639024 0.5476428
-1.5000000 0.2058537 0.5699841
-1.5000000 0.2478049 0.5956509
-1.5000000 0.2897561 0.6240065
-1.5000000 0.3317073 0.6545222
-1.5000000 0.3736585 0.6867870
-1.5000000 0.4156098 0.7205023
-1.5000000 0.4575610 0.7554682
-1.5000000 0.4995122 0.7915691
-1.5000000 0.5414634 0.8287596
-1.5000000 0.5834146 0.8670541
-1.5000000 0.6253659 0.9065189
-1.5000000 0.6673171 0.9472683
-1.5000000 0.7092683 0.9894644
-1.5000000 0.7512195 1.0333200
-1.5000000 0.7931707 1.0791058
-1.5000000 0.8351220 1.1271641
-1.5000000 0.8770732 1.1779285
-1.5000000 0.9190244 1.2319552
-1.5000000 0.9609756 1.2899722
-1.5000000 1.0029268 1.3529566
-1.5000000 1.0448780 1.4222644
-1.5000000 1.0868293 1.4998568
-1.5000000 1.1287805 1.5887303
-1.5000000 1.1707317 1.6938082
-1.5000000 1.2126829 1.8240694
-1.5000000 1.2546341 1.9987770
-1.5000000 1.2965854 2.2737032
-1.5000000 1.3385366 3.0606976
-1.5000000 1.3804878 2.4748716
-1.5000000 1.4224390 2.1338113
-1.5000000 1.4643902 1.9533077
-1.5000000 1.5063415 1.8320449
-1.5000000 1.5482927 1.7418881
-1.5000000 1.5902439 1.6709294
-1.5000000 1.6321951 1.6130011
-1.5000000 1.6741463 1.5644928
-1.5000000 1.7160976 1.5231079
-1.5000000 1.7580488 1.4872948
-1.5000000 1.8000000 1.4559562
-1.4500000 0.0800000 0.5217087
-1.4500000 0.1219512 0.5315316
-1.4500000 0.1639024 0.5449982
-1.4500000 0.2058537 0.5617297
-1.4500000 0.2478049 0.5813212
-1.4500000 0.2897561 0.6033772
-1.4500000 0.3317073 0.6275373
-1.4500000 0.3736585 0.6534916
-1.4500000 0.4156098 0.6809863
-1.4500000 0.4575610 0.7098242
-1.4500000 0.4995122 0.7398614
-1.4500000 0.5414634 0.7710019
-1.4500000 0.5834146 0.8031922
-1.4500000 0.6253659 0.8364172
-1.4500000 0.6673171 0.8706961
-1.4500000 0.7092683 0.9060800
-1.4500000 0.7512195 0.9426512
-1.4500000 0.7931707 0.9805236
-1.4500000 0.8351220 1.0198459
-1.4500000 0.8770732 1.0608056
-1.4500000 0.9190244 1.1036371
-1.4500000 0.9609756 1.1486327
-1.4500000 1.0029268 1.1961598
-1.4500000 1.0448780 1.2466853
-1.4500000 1.0868293 1.3008132
-1.4500000 1.1287805 1.3593425
-1.4500000 1.1707317 1.4233603
-1.4500000 1.2126829 1.4943994
-1.4500000 1.2546341 1.5747215
-1.4500000 1.2965854 1.6678679
-1.4500000 1.3385366 1.7798588
-1.4500000 1.3804878 1.9222352
-1.4500000 1.4224390 2.1219441
-1.4500000 1.4643902 2.4732786
-1.4500000 1.5063415 3.2100994
-1.4500000 1.5482927 2.3569120
-1.4500000 1.5902439 2.0976697
-1.4500000 1.6321951 1.9433051
-1.4500000 1.6741463 1.8347509
-1.4500000 1.7160976 1.7520016
-1.4500000 1.7580488 1.6858236
-1.4500000 1.8000000 1.6311868
-1.4000000 0.0800000 0.5286528
-1.4000000 0.1219512 0.5361661
-1.4000000 0.1639024 0.5465615
-1.4000000 0.2058537 0.5596225
-1.4000000 0.2478049 0.5751063
-1.4000000 0.2897561 0.5927627
-1.4000000 0.3317073 0.6123499
-1.4000000 0.3736585 0.6336451
-1.4000000 0.4156098 0.6564525
-1.4000000 0.4575610 0.6806067
-1.4000000 0.4995122 0.7059734
-1.4000000 0.5414634 0.7324493
-1.4000000 0.5834146 0.7599598
-1.4000000 0.6253659 0.7884576
-1.4000000 0.6673171 0.8179199
-1.4000000 0.7092683 0.8483473
-1.4000000 0.7512195 0.8797624
-1.4000000 0.7931707 0.9122090
-1.4000000 0.8351220 0.9457526
-1.4000000 0.8770732 0.9804815
-1.4000000 0.9190244 1.0165085
-1.4000000 0.9609756 1.0539747
-1.4000000 1.0029268 1.0930546
-1.4000000 1.0448780 1.1339631
-1.4000000 1.0868293 1.1769662
-1.4000000 1.1287805 1.2223955
-1.4000000 1.1707317 1.2706700
-1.4000000 1.2126829 1.3223274
-1.4000000 1.2546341 1.3780726
-1.4000000 1.2965854 1.4388538
-1.4000000 1.3385366 1.5059881
-1.4000000 1.3804878 1.5813807
-1.4000000 1.4224390 1.6679374
-1.4000000 1.4643902 1.7704158
-1.4000000 1.5063415 1.8974359
-1.4000000 1.5482927 2.0672749
-1.4000000 1.5902439 2.3315427
-1.4000000 1.6321951 3.0255986
-1.4000000 1.6741463 2.5855023
-1.4000000 1.7160976 2.2242651
-1.4000000 1.7580488 2.0374746
-1.4000000 1.8000000 1.9127875
-1.3500000 0.0800000 0.5360549
-1.3500000 0.1219512 0.5420365
-1.3500000 0.1639024 0.5503615
-1.3500000 0.2058537 0.5608980
-1.3500000 0.2478049 0.5734935
-1.3500000 0.2897561 0.5879849
-1.3500000 0.3317073 0.6042075
-1.3500000 0.3736585 0.6220031
-1.3500000 0.4156098 0.6412250
-1.3500000 0.4575610 0.6617423
-1.3500000 0.4995122 0.6834420
-1.3500000 0.5414634 0.7062298
-1.3500000 0.5834146 0.7300304
-1.3500000 0.6253659 0.7547869
-1.3500000 0.6673171 0.7804602
-1.3500000 0.7092683 0.8070278
-1.3500000 0.7512195 0.8344834
-1.3500000 0.7931707 0.8628360
-1.3500000 0.8351220 0.8921098
-1.3500000 0.8770732 0.9223444
-1.3500000 0.9190244 0.9535952
-1.3500000 0.9609756 0.9859346
-1.3500000 1.0029268 1.0194536
-1.3500000 1.0448780 1.0542648
-1.3500000 1.0868293 1.0905057
-1.3500000 1.1287805 1.1283440
-1.3500000 1.1707317 1.1679846
-1.3500000 1.2126829 1.2096796
-1.3500000 1.2546341 1.2537418
-1.3500000 1.2965854 1.3005646
-1.3500000 1.3385366 1.3506508
-1.3500000 1.3804878 1.4046556
-1.3500000 1.4224390 1.4634546
-1.3500000 1.4643902 1.5282542
-1.3500000 1.5063415 1.6007802
-1.3500000 1.5482927 1.6836273
-1.3500000 1.5902439 1.7809598
-1.3500000 1.6321951 1.9001045
-1.3500000 1.6741463 2.0558762
-1.3500000 1.7160976 2.2863764
-1.3500000 1.7580488 2.7655165
-1.3500000 1.8000000 2.8010444
-1.3000000 0.0800000 0.5436567
-1.3000000 0.1219512 0.5485663
-1.3000000 0.1639024 0.5554265
-1.3000000 0.2058537 0.5641526
-1.3000000 0.2478049 0.5746446
-1.3000000 0.2897561 0.5867924
-1.3000000 0.3317073 0.6004820
-1.3000000 0.3736585 0.6155996
-1.3000000 0.4156098 0.6320362
-1.3000000 0.4575610 0.6496905
-1.3000000 0.4995122 0.6684709
-1.3000000 0.5414634 0.6882972
-1.3000000 0.5834146 0.7091012
-1.3000000 0.6253659 0.7308272
-1.3000000 0.6673171 0.7534315
-1.3000000 0.7092683 0.7768826
-1.3000000 0.7512195 0.8011607
-1.3000000 0.7931707 0.8262571
-1.3000000 0.8351220 0.8521747
-1.3000000 0.8770732 0.8789270
-1.3000000 0.9190244 0.9065391
-1.3000000 0.9609756 0.9350472
-1.3000000 1.0029268 0.9645001
-1.3000000 1.0448780 0.9949596
-1.3000000 1.0868293 1.0265022
-1.3000000 1.1287805 1.0592214
-1.3000000 1.1707317 1.0932303
-1.3000000 1.2126829 1.1286655
-1.3000000 1.2546341 1.1656922
-1.3000000 1.2965854 1.2045112
-1.3000000 1.3385366 1.2453687
-1.3000000 1.3804878 1.2885690
-1.3000000 1.4224390 1.3344942
-1.3000000 1.4643902 1.3836312
-1.3000000 1.5063415 1.4366132
-1.3000000 1.5482927 1.4942835
-1.3000000 1.5902439 1.5577991
-1.3000000 1.6321951 1.6288076
-1.3000000 1.6741463 1.7097693
-1.3000000 1.7160976 1.8045978
-1.3000000 1.7580488 1.9200892
-1.3000000 1.8000000 2.0697042
-1.2500000 0.0800000 0.5513258
-1.2500000 0.1219512 0.5554528
-1.2500000 0.1639024 0.5612355
-1.2500000 0.2058537 0.5686172
-1.2500000 0.2478049 0.5775294
-1.2500000 0.2897561 0.5878960
-1.2500000 0.3317073 0.5996358
-1.2500000 0.3736585 0.6126660
-1.2500000 0.4156098 0.6269051
-1.2500000 0.4575610 0.6422748
-1.2500000 0.4995122 0.6587023
-1.2500000 0.5414634 0.6761213
-1.2500000 0.5834146 0.6944731
-1.2500000 0.6253659 0.7137071
-1.2500000 0.6673171 0.7337811
-1.2500000 0.7092683 0.7546612
-1.2500000 0.7512195 0.7763224
-1.2500000 0.7931707 0.7987478
-1.2500000 0.8351220 0.8219286
-1.2500000 0.8770732 0.8458647
-1.2500000 0.9190244 0.8705639
-1.2500000 0.9609756 0.8960423
-1.2500000 1.0029268 0.9223250
-1.2500000 1.0448780 0.9494457
-1.2500000 1.0868293 0.9774483
-1.2500000 1.1287805 1.0063870
-1.2500000 1.1707317 1.0363281
-1.2500000 1.2126829 1.0673517
-1.2500000 1.2546341 1.0995537
-1.2500000 1.2965854 1.1330490
-1.2500000 1.3385366 1.1679752
-1.2500000 1.3804878 1.2044983
-1.2500000 1.4224390 1.2428191
-1.2500000 1.4643902 1.2831832
-1.2500000 1.5063415 1.3258944
-1.2500000 1.5482927 1.3713332
-1.2500000 1.5902439 1.4199846
-1.2500000 1.6321951 1.4724787
-1.2500000 1.6741463 1.5296544
-1.2500000 1.7160976 1.5926624
-1.2500000 1.7580488 1.6631400
-1.2500000 1.8000000 1.7435304
-1.2000000 0.0800000 0.5589898
-1.2000000 0.1219512 0.5625258
-1.2000000 0.1639024 0.5674903
-1.2000000 0.2058537 0.5738438
-1.2000000 0.2478049 0.5815382
-1.2000000 0.2897561 0.5905189
-1.2000000 0.3317073 0.6007271
-1.2000000 0.3736585 0.6121014
-1.2000000 0.4156098 0.6245800
-1.2000000 0.4575610 0.6381025
-1.2000000 0.4995122 0.6526110
-1.2000000 0.5414634 0.6680514
-1.2000000 0.5834146 0.6843744
-1.2000000 0.6253659 0.7015357
-1.2000000 0.6673171 0.7194970
-1.2000000 0.7092683 0.7382256
-1.2000000 0.7512195 0.7576953
-1.2000000 0.7931707 0.7778857
-1.2000000 0.8351220 0.7987828
-1.2000000 0.8770732 0.8203787
-1.2000000 0.9190244 0.8426716
-1.2000000 0.9609756 0.8656662
-1.2000000 1.0029268 0.8893734
-1.2000000 1.0448780 0.9138107
-1.2000000 1.0868293 0.9390026
-1.2000000 1.1287805 0.9649809
-1.2000000 1.1707317 0.9917855
-1.2000000 1.2126829 1.0194652
-1.2000000 1.2546341 1.0480786
-1.2000000 1.2965854 1.0776958
-1.2000000 1.3385366 1.1084002
-1.2000000 1.3804878 1.1402907
-1.2000000 1.4224390 1.1734852
-1.2000000 1.4643902 1.2081242
-1.2000000 1.5063415 1.2443767
-1.2000000 1.5482927 1.2824470
-1.2000000 1.5902439 1.3225849
-1.2000000 1.6321951 1.3650990
-1.2000000 1.6741463 1.4103766
-1.2000000 1.7160976 1.4589115
-1.2000000 1.7580488 1.5113461
-1.2000000 1.8000000 1.5685377
-1.1500000 0.0800000 0.5666073
-1.1500000 0.1219512 0.5696843
-1.1500000 0.1639024 0.5740108
-1.1500000 0.2058537 0.5795585
-1.1500000 0.2478049 0.5862924
-1.1500000 0.2897561 0.5941726
-1.1500000 0.3317073 0.6031553
-1.1500000 0.3736585 0.6131943
-1.1500000 0.4156098 0.6242423
-1.1500000 0.4575610 0.6362521
-1.1500000 0.4995122 0.6491776
-1.1500000 0.5414634 0.6629748
-1.1500000 0.5834146 0.6776026
-1.1500000 0.6253659 0.6930232
-1.1500000 0.6673171 0.7092026
-1.1500000 0.7092683 0.7261110
-1.1500000 0.7512195 0.7437230
-1.1500000 0.7931707 0.7620176
-1.1500000 0.8351220 0.7809786
-1.1500000 0.8770732 0.8005941
-1.1500000 0.9190244 0.8208572
-1.1500000 0.9609756 0.8417658
-1.1500000 1.0029268 0.8633223
-1.1500000 1.0448780 0.8855346
-1.1500000 1.0868293 0.9084152
-1.1500000 1.1287805 0.9319823
-1.1500000 1.1707317 0.9562598
-1.1500000 1.2126829 0.9812777
-1.1500000 1.2546341 1.0070729
-1.1500000 1.2965854 1.0336897
-1.1500000 1.3385366 1.0611809
-1.1500000 1.3804878 1.0896090
-1.1500000 1.4224390 1.1190478
-1.1500000 1.4643902 1.1495842
-1.1500000 1.5063415 1.1813210
-1.1500000 1.5482927 1.2143800
-1.1500000 1.5902439 1.2489064
-1.1500000 1.6321951 1.2850744
-1.1500000 1.6741463 1.3230947
-1.1500000 1.7160976 1.3632250
-1.1500000 1.7580488 1.4057844
-1.1500000 1.8000000 1.4511736
-1.1000000 0.0800000 0.5741540
-1.1000000 0.1219512 0.5768662
-1.1000000 0.1639024 0.5806841
-1.1000000 0.2058537 0.5855867
-1.1000000 0.2478049 0.5915481
-1.1000000 0.2897561 0.5985384
-1.1000000 0.3317073 0.6065243
-1.1000000 0.3736585 0.6154706
-1.1000000 0.4156098 0.6253403
-1.1000000 0.4575610 0.6360963
-1.1000000 0.4995122 0.6477017
-1.1000000 0.5414634 0.6601207
-1.1000000 0.5834146 0.6733190
-1.1000000 0.6253659 0.6872647
-1.1000000 0.6673171 0.7019281
-1.1000000 0.7092683 0.7172827
-1.1000000 0.7512195 0.7333050
-1.1000000 0.7931707 0.7499748
-1.1000000 0.8351220 0.7672751
-1.1000000 0.8770732 0.7851927
-1.1000000 0.9190244 0.8037180
-1.1000000 0.9609756 0.8228448
-1.1000000 1.0029268 0.8425708
-1.1000000 1.0448780 0.8628976
-1.1000000 1.0868293 0.8838305
-1.1000000 1.1287805 0.9053791
-1.1000000 1.1707317 0.9275572
-1.1000000 1.2126829 0.9503830
-1.1000000 1.2546341 0.9738797
-1.1000000 1.2965854 0.9980759
-1.1000000 1.3385366 1.0230058
-1.1000000 1.3804878 1.0487102
-1.1000000 1.4224390 1.0752373
-1.1000000 1.4643902 1.1026434
-1.1000000 1.5063415 1.1309950
-1.1000000 1.5482927 1.1603696
-1.1000000 1.5902439 1.1908582
-1.1000000 1.6321951 1.2225683
-1.1000000 1.6741463 1.2556269
-1.1000000 1.7160976 1.2901853
-1.1000000 1.7580488 1.3264250
-1.1000000 1.8000000 1.3645660
-1.0500000 0.0800000 0.5816154
-1.0500000 0.1219512 0.5840319
-1.0500000 0.1639024 0.5874365
-1.0500000 0.2058537 0.5918134
-1.0500000 0.2478049 0.5971429
-1.0500000 0.2897561 0.6034021
-1.0500000 0.3317073 0.6105654
-1.0500000 0.3736585 0.6186052
-1.0500000 0.4156098 0.6274925
-1.0500000 0.4575610 0.6371977
-1.0500000 0.4995122 0.6476910
-1.0500000 0.5414634 0.6589431
-1.0500000 0.5834146 0.6709256
-1.0500000 0.6253659 0.6836112
-1.0500000 0.6673171 0.6969746
-1.0500000 0.7092683 0.7109924
-1.0500000 0.7512195 0.7256433
-1.0500000 0.7931707 0.7409084
-1.0500000 0.8351220 0.7567715
-1.0500000 0.8770732 0.7732188
-1.0500000 0.9190244 0.7902395
-1.0500000 0.9609756 0.8078255
-1.0500000 1.0029268 0.8259715
-1.0500000 1.0448780 0.8446753
-1.0500000 1.0868293 0.8639378
-1.0500000 1.1287805 0.8837630
-1.0500000 1.1707317 0.9041580
-1.0500000 1.2126829 0.9251337
-1.0500000 1.2546341 0.9467043
-1.0500000 1.2965854 0.9688880
-1.0500000 1.3385366 0.9917075
-1.0500000 1.3804878 1.0151896
-1.0500000 1.4224390 1.0393667
-1.0500000 1.4643902 1.0642764
-1.0500000 1.5063415 1.0899633
-1.0500000 1.5482927 1.1164789
-1.0500000 1.5902439 1.1438834
-1.0500000 1.6321951 1.1722469
-1.0500000 1.6741463 1.2016514
-1.0500000 1.7160976 1.2321926
-1.0500000 1.7580488 1.2639834
-1.0500000 1.8000000 1.2971573
-1.0000000 0.0800000 0.5889829
-1.0000000 0.1219512 0.5911558
-1.0000000 0.1639024 0.5942192
-1.0000000 0.2058537 0.5981609
-1.0000000 0.2478049 0.6029658
-1.0000000 0.2897561 0.6086159
-1.0000000 0.3317073 0.6150912
-1.0000000 0.3736585 0.6223699
-1.0000000 0.4156098 0.6304289
-1.0000000 0.4575610 0.6392442
-1.0000000 0.4995122 0.6487918
-1.0000000 0.5414634 0.6590472
-1.0000000 0.5834146 0.6699869
-1.0000000 0.6253659 0.6815879
-1.0000000 0.6673171 0.6938283
-1.0000000 0.7092683 0.7066877
-1.0000000 0.7512195 0.7201471
-1.0000000 0.7931707 0.7341892
-1.0000000 0.8351220 0.7487988
-1.0000000 0.8770732 0.7639626
-1.0000000 0.9190244 0.7796693
-1.0000000 0.9609756 0.7959098
-1.0000000 1.0029268 0.8126775
-1.0000000 1.0448780 0.8299678
-1.0000000 1.0868293 0.8477787
-1.0000000 1.1287805 0.8661106
-1.0000000 1.1707317 0.8849665
-1.0000000 1.2126829 0.9043520
-1.0000000 1.2546341 0.9242757
-1.0000000 1.2965854 0.9447490
-1.0000000 1.3385366 0.9657865
-1.0000000 1.3804878 0.9874061
-1.0000000 1.4224390 1.0096298
-1.0000000 1.4643902 1.0324832
-1.0000000 1.5063415 1.0559967
-1.0000000 1.5482927 1.0802057
-1.0000000 1.5902439 1.1051514
-1.0000000 1.6321951 1.1308813
-1.0000000 1.6741463 1.1574508
-1.0000000 1.7160976 1.1849239
-1.0000000 1.7580488 1.2133749
-1.0000000 1.8000000 1.2428903
-0.9500000 0.0800000 0.5962520
-0.9500000 0.1219512 0.5982211
-0.9500000 0.1639024 0.6009987
-0.9500000 0.2058537 0.6045753
-0.9500000 0.2478049 0.6089388
-0.9500000 0.2897561 0.6140752
-0.9500000 0.3317073 0.6199685
-0.9500000 0.3736585 0.6266011
-0.9500000 0.4156098 0.6339545
-0.9500000 0.4575610 0.6420091
-0.9500000 0.4995122 0.6507451
-0.9500000 0.5414634 0.6601423
-0.9500000 0.5834146 0.6701809
-0.9500000 0.6253659 0.6808415
-0.9500000 0.6673171 0.6921052
-0.9500000 0.7092683 0.7039541
-0.9500000 0.7512195 0.7163716
-0.9500000 0.7931707 0.7293420
-0.9500000 0.8351220 0.7428512
-0.9500000 0.8770732 0.7568867
-0.9500000 0.9190244 0.7714375
-0.9500000 0.9609756 0.7864941
-0.9500000 1.0029268 0.8020491
-0.9500000 1.0448780 0.8180968
-0.9500000 1.0868293 0.8346333
-0.9500000 1.1287805 0.8516568
-0.9500000 1.1707317 0.8691674
-0.9500000 1.2126829 0.8871675
-0.9500000 1.2546341 0.9056616
-0.9500000 1.2965854 0.9246565
-0.9500000 1.3385366 0.9441614
-0.9500000 1.3804878 0.9641882
-0.9500000 1.4224390 0.9847517
-0.9500000 1.4643902 1.0058695
-0.9500000 1.5063415 1.0275627
-0.9500000 1.5482927 1.0498560
-0.9500000 1.5902439 1.0727780
-0.9500000 1.6321951 1.0963622
-0.9500000 1.6741463 1.1206470
-0.9500000 1.7160976 1.1456766
-0.9500000 1.7580488 1.1715022
-0.9500000 1.8000000 1.1981827
-0.9000000 0.0800000 0.6034201
-0.9000000 0.1219512 0.6052166
-0.9000000 0.1639024 0.6077520
-0.9000000 0.2058537 0.6110185
-0.9000000 0.2478049 0.6150066
-0.9000000 0.2897561 0.6197049
-0.9000000 0.3317073 0.6251006
-0.9000000 0.3736585 0.6311793
-0.9000000 0.4156098 0.6379260
-0.9000000 0.4575610 0.6453246
-0.9000000 0.4995122 0.6533585
-0.9000000 0.5414634 0.6620111
-0.9000000 0.5834146 0.6712654
-0.9000000 0.6253659 0.6811051
-0.9000000 0.6673171 0.6915138
-0.9000000 0.7092683 0.7024760
-0.9000000 0.7512195 0.7139769
-0.9000000 0.7931707 0.7260026
-0.9000000 0.8351220 0.7385402
-0.9000000 0.8770732 0.7515780
-0.9000000 0.9190244 0.7651055
-0.9000000 0.9609756 0.7791135
-0.9000000 1.0029268 0.7935942
-0.9000000 1.0448780 0.8085413
-0.9000000 1.0868293 0.8239498
-0.9000000 1.1287805 0.8398166
-0.9000000 1.1707317 0.8561399
-0.9000000 1.2126829 0.8729198
-0.9000000 1.2546341 0.8901582
-0.9000000 1.2965854 0.9078585
-0.9000000 1.3385366 0.9260265
-0.9000000 1.3804878 0.9446698
-0.9000000 1.4224390 0.9637981
-0.9000000 1.4643902 0.9834235
-0.9000000 1.5063415 1.0035608
-0.9000000 1.5482927 1.0242272
-0.9000000 1.5902439 1.0454431
-0.9000000 1.6321951 1.0672323
-0.9000000 1.6741463 1.0896220
-0.9000000 1.7160976 1.1126437
-0.9000000 1.7580488 1.1363336
-0.9000000 1.8000000 1.1607330
-0.8500000 0.0800000 0.6104865
-0.8500000 0.1219512 0.6121353
-0.8500000 0.1639024 0.6144630
-0.8500000 0.2058537 0.6174635
-0.8500000 0.2478049 0.6211288
-0.8500000 0.2897561 0.6254499
-0.8500000 0.3317073 0.6304161
-0.8500000 0.3736585 0.6360158
-0.8500000 0.4156098 0.6422364
-0.8500000 0.4575610 0.6490647
-0.8500000 0.4995122 0.6564868
-0.8500000 0.5414634 0.6644885
-0.8500000 0.5834146 0.6730558
-0.8500000 0.6253659 0.6821743
-0.8500000 0.6673171 0.6918301
-0.8500000 0.7092683 0.7020096
-0.8500000 0.7512195 0.7126998
-0.8500000 0.7931707 0.7238882
-0.8500000 0.8351220 0.7355632
-0.8500000 0.8770732 0.7477141
-0.8500000 0.9190244 0.7603309
-0.8500000 0.9609756 0.7734048
-0.8500000 1.0029268 0.7869281
-0.8500000 1.0448780 0.8008941
-0.8500000 1.0868293 0.8152976
-0.8500000 1.1287805 0.8301342
-0.8500000 1.1707317 0.8454013
-0.8500000 1.2126829 0.8610974
-0.8500000 1.2546341 0.8772223
-0.8500000 1.2965854 0.8937777
-0.8500000 1.3385366 0.9107663
-0.8500000 1.3804878 0.9281929
-0.8500000 1.4224390 0.9460638
-0.8500000 1.4643902 0.9643872
-0.8500000 1.5063415 0.9831732
-0.8500000 1.5482927 1.0024340
-0.8500000 1.5902439 1.0221842
-0.8500000 1.6321951 1.0424407
-0.8500000 1.6741463 1.0632233
-0.8500000 1.7160976 1.0845547
-0.8500000 1.7580488 1.1064610
-0.8500000 1.8000000 1.1289720
-0.8000000 0.0800000 0.6174515
-0.8000000 0.1219512 0.6189725
-0.8000000 0.1639024 0.6211206
-0.8000000 0.2058537 0.6238905
-0.8000000 0.2478049 0.6272760
-0.8000000 0.2897561 0.6312693
-0.8000000 0.3317073 0.6358618
-0.8000000 0.3736585 0.6410437
-0.8000000 0.4156098 0.6468047
-0.8000000 0.4575610 0.6531336
-0.8000000 0.4995122 0.6600187
-0.8000000 0.5414634 0.6674480
-0.8000000 0.5834146 0.6754094
-0.8000000 0.6253659 0.6838907
-0.8000000 0.6673171 0.6928798
-0.8000000 0.7092683 0.7023648
-0.8000000 0.7512195 0.7123341
-0.8000000 0.7931707 0.7227768
-0.8000000 0.8351220 0.7336823
-0.8000000 0.8770732 0.7450407
-0.8000000 0.9190244 0.7568429
-0.8000000 0.9609756 0.7690806
-0.8000000 1.0029268 0.7817462
-0.8000000 1.0448780 0.7948331
-0.8000000 1.0868293 0.8083357
-0.8000000 1.1287805 0.8222495
-0.8000000 1.1707317 0.8365708
-0.8000000 1.2126829 0.8512972
-0.8000000 1.2546341 0.8664275
-0.8000000 1.2965854 0.8819615
-0.8000000 1.3385366 0.8979004
-0.8000000 1.3804878 0.9142466
-0.8000000 1.4224390 0.9310042
-0.8000000 1.4643902 0.9481783
-0.8000000 1.5063415 0.9657759
-0.8000000 1.5482927 0.9838056
-0.8000000 1.5902439 1.0022776
-0.8000000 1.6321951 1.0212043
-0.8000000 1.6741463 1.0405999
-0.8000000 1.7160976 1.0604811
-0.8000000 1.7580488 1.0808669
-0.8000000 1.8000000 1.1017793
-0.7500000 0.0800000 0.6243158
-0.7500000 0.1219512 0.6257256
-0.7500000 0.1639024 0.6277168
-0.7500000 0.2058537 0.6302854
-0.7500000 0.2478049 0.6334261
-0.7500000 0.2897561 0.6371324
-0.7500000 0.3317073 0.6413972
-0.7500000 0.3736585 0.6462122
-0.7500000 0.4156098 0.6515688
-0.7500000 0.4575610 0.6574574
-0.7500000 0.4995122 0.6638681
-0.7500000 0.5414634 0.6707908
-0.7500000 0.5834146 0.6782150
-0.7500000 0.6253659 0.6861302
-0.7500000 0.6673171 0.6945258
-0.7500000 0.7092683 0.7033913
-0.7500000 0.7512195 0.7127167
-0.7500000 0.7931707 0.7224920
-0.7500000 0.8351220 0.7327078
-0.7500000 0.8770732 0.7433551
-0.7500000 0.9190244 0.7544255
-0.7500000 0.9609756 0.7659110
-0.7500000 1.0029268 0.7778047
-0.7500000 1.0448780 0.7901000
-0.7500000 1.0868293 0.8027913
-0.7500000 1.1287805 0.8158738
-0.7500000 1.1707317 0.8293436
-0.7500000 1.2126829 0.8431974
-0.7500000 1.2546341 0.8574333
-0.7500000 1.2965854 0.8720501
-0.7500000 1.3385366 0.8870476
-0.7500000 1.3804878 0.9024268
-0.7500000 1.4224390 0.9181899
-0.7500000 1.4643902 0.9343401
-0.7500000 1.5063415 0.9508819
-0.7500000 1.5482927 0.9678213
-0.7500000 1.5902439 0.9851654
-0.7500000 1.6321951 1.0029232
-0.7500000 1.6741463 1.0211049
-0.7500000 1.7160976 1.0397229
-0.7500000 1.7580488 1.0587913
-0.7500000 1.8000000 1.0783262
-0.7000000 0.0800000 0.6310811
-0.7000000 0.1219512 0.6323929
-0.7000000 0.1639024 0.6342463
-0.7000000 0.2058537 0.6366377
-0.7000000 0.2478049 0.6395627
-0.7000000 0.2897561 0.6430160
-0.7000000 0.3317073 0.6469913
-0.7000000 0.3736585 0.6514820
-0.7000000 0.4156098 0.6564803
-0.7000000 0.4575610 0.6619784
-0.7000000 0.4995122 0.6679678
-0.7000000 0.5414634 0.6744396
-0.7000000 0.5834146 0.6813849
-0.7000000 0.6253659 0.6887945
-0.7000000 0.6673171 0.6966591
-0.7000000 0.7092683 0.7049697
-0.7000000 0.7512195 0.7137171
-0.7000000 0.7931707 0.7228926
-0.7000000 0.8351220 0.7324876
-0.7000000 0.8770732 0.7424940
-0.7000000 0.9190244 0.7529040
-0.7000000 0.9609756 0.7637104
-0.7000000 1.0029268 0.7749064
-0.7000000 1.0448780 0.7864859
-0.7000000 1.0868293 0.7984432
-0.7000000 1.1287805 0.8107736
-0.7000000 1.1707317 0.8234729
-0.7000000 1.2126829 0.8365375
-0.7000000 1.2546341 0.8499649
-0.7000000 1.2965854 0.8637532
-0.7000000 1.3385366 0.8779013
-0.7000000 1.3804878 0.8924092
-0.7000000 1.4224390 0.9072777
-0.7000000 1.4643902 0.9225085
-0.7000000 1.5063415 0.9381044
-0.7000000 1.5482927 0.9540694
-0.7000000 1.5902439 0.9704085
-0.7000000 1.6321951 0.9871279
-0.7000000 1.6741463 1.0042352
-0.7000000 1.7160976 1.0217394
-0.7000000 1.7580488 1.0396509
-0.7000000 1.8000000 1.0579819
-0.6500000 0.0800000 0.6377488
-0.6500000 0.1219512 0.6389740
-0.6500000 0.1639024 0.6407053
-0.6500000 0.2058537 0.6429398
-0.6500000 0.2478049 0.6456736
-0.6500000 0.2897561 0.6489022
-0.6500000 0.3317073 0.6526204
-0.6500000 0.3736585 0.6568224
-0.6500000 0.4156098 0.6615017
-0.6500000 0.4575610 0.6666515
-0.6500000 0.4995122 0.6722645
-0.6500000 0.5414634 0.6783330
-0.6500000 0.5834146 0.6848492
-0.6500000 0.6253659 0.6918050
-0.6500000 0.6673171 0.6991925
-0.6500000 0.7092683 0.7070035
-0.6500000 0.7512195 0.7152300
-0.6500000 0.7931707 0.7238642
-0.6500000 0.8351220 0.7328982
-0.6500000 0.8770732 0.7423248
-0.6500000 0.9190244 0.7521368
-0.6500000 0.9609756 0.7623275
-0.6500000 1.0029268 0.7728905
-0.6500000 1.0448780 0.7838201
-0.6500000 1.0868293 0.7951109
-0.6500000 1.1287805 0.8067579
-0.6500000 1.1707317 0.8187571
-0.6500000 1.2126829 0.8311047
-0.6500000 1.2546341 0.8437978
-0.6500000 1.2965854 0.8568340
-0.6500000 1.3385366 0.8702117
-0.6500000 1.3804878 0.8839300
-0.6500000 1.4224390 0.8979888
-0.6500000 1.4643902 0.9123887
-0.6500000 1.5063415 0.9271314
-0.6500000 1.5482927 0.9422191
-0.6500000 1.5902439 0.9576554
-0.6500000 1.6321951 0.9734444
-0.6500000 1.6741463 0.9895918
-0.6500000 1.7160976 1.0061039
-0.6500000 1.7580488 1.0229886
-0.6500000 1.8000000 1.0402550
-0.6000000 0.0800000 0.6443209
-0.6000000 0.1219512 0.6454690
-0.6000000 0.1639024 0.6470915
-0.6000000 0.2058537 0.6491861
-0.6000000 0.2478049 0.6517493
-0.6000000 0.2897561 0.6547774
-0.6000000 0.3317073 0.6582658
-0.6000000 0.3736585 0.6622096
-0.6000000 0.4156098 0.6666032
-0.6000000 0.4575610 0.6714407
-0.6000000 0.4995122 0.6767157
-0.6000000 0.5414634 0.6824216
-0.6000000 0.5834146 0.6885516
-0.6000000 0.6253659 0.6950985
-0.6000000 0.6673171 0.7020554
-0.6000000 0.7092683 0.7094150
-0.6000000 0.7512195 0.7171701
-0.6000000 0.7931707 0.7253138
-0.6000000 0.8351220 0.7338390
-0.6000000 0.8770732 0.7427391
-0.6000000 0.9190244 0.7520075
-0.6000000 0.9609756 0.7616380
-0.6000000 1.0029268 0.7716248
-0.6000000 1.0448780 0.7819623
-0.6000000 1.0868293 0.7926453
-0.6000000 1.1287805 0.8036693
-0.6000000 1.1707317 0.8150300
-0.6000000 1.2126829 0.8267236
-0.6000000 1.2546341 0.8387470
-0.6000000 1.2965854 0.8510976
-0.6000000 1.3385366 0.8637733
-0.6000000 1.3804878 0.8767726
-0.6000000 1.4224390 0.8900948
-0.6000000 1.4643902 0.9037398
-0.6000000 1.5063415 0.9177080
-0.6000000 1.5482927 0.9320010
-0.6000000 1.5902439 0.9466207
-0.6000000 1.6321951 0.9615701
-0.6000000 1.6741463 0.9768531
-0.6000000 1.7160976 0.9924742
-0.6000000 1.7580488 1.0084393
-0.6000000 1.8000000 1.0247550
-0.5500000 0.0800000 0.6507995
-0.5500000 0.1219512 0.6518784
-0.5500000 0.1639024 0.6534036
-0.5500000 0.2058537 0.6553726
-0.5500000 0.2478049 0.6577829
-0.5500000 0.2897561 0.6606309
-0.5500000 0.3317073 0.6639130
-0.5500000 0.3736585 0.6676246
-0.5500000 0.4156098 0.6717611
-0.5500000 0.4575610 0.6763172
-0.5500000 0.4995122 0.6812874
-0.5500000 0.5414634 0.6866659
-0.5500000 0.5834146 0.6924467
-0.5500000 0.6253659 0.6986236
-0.5500000 0.6673171 0.7051902
-0.5500000 0.7092683 0.7121403
-0.5500000 0.7512195 0.7194673
-0.5500000 0.7931707 0.7271650
-0.5500000 0.8351220 0.7352270
-0.5500000 0.8770732 0.7436474
-0.5500000 0.9190244 0.7524200
-0.5500000 0.9609756 0.7615392
-0.5500000 1.0029268 0.7709996
-0.5500000 1.0448780 0.7807958
-0.5500000 1.0868293 0.7909232
-0.5500000 1.1287805 0.8013770
-0.5500000 1.1707317 0.8121533
-0.5500000 1.2126829 0.8232484
-0.5500000 1.2546341 0.8346588
-0.5500000 1.2965854 0.8463819
-0.5500000 1.3385366 0.8584153
-0.5500000 1.3804878 0.8707572
-0.5500000 1.4224390 0.8834063
-0.5500000 1.4643902 0.8963620
-0.5500000 1.5063415 0.9096240
-0.5500000 1.5482927 0.9231930
-0.5500000 1.5902439 0.9370700
-0.5500000 1.6321951 0.9512570
-0.5500000 1.6741463 0.9657564
-0.5500000 1.7160976 0.9805717
-0.5500000 1.7580488 0.9957069
-0.5500000 1.8000000 1.0111670
-0.5000000 0.0800000 0.6571865
-0.5000000 0.1219512 0.6582033
-0.5000000 0.1639024 0.6596406
-0.5000000 0.2058537 0.6614967
-0.5000000 0.2478049 0.6637690
-0.5000000 0.2897561 0.6664547
-0.5000000 0.3317073 0.6695505
-0.5000000 0.3736585 0.6730524
-0.5000000 0.4156098 0.6769564
-0.5000000 0.4575610 0.6812579
-0.5000000 0.4995122 0.6859520
-0.5000000 0.5414634 0.6910337
-0.5000000 0.5834146 0.6964976
-0.5000000 0.6253659 0.7023382
-0.5000000 0.6673171 0.7085499
-0.5000000 0.7092683 0.7151270
-0.5000000 0.7512195 0.7220638
-0.5000000 0.7931707 0.7293546
-0.5000000 0.8351220 0.7369937
-0.5000000 0.8770732 0.7449755
-0.5000000 0.9190244 0.7532946
-0.5000000 0.9609756 0.7619456
-0.5000000 1.0029268 0.7709236
-0.5000000 1.0448780 0.7802236
-0.5000000 1.0868293 0.7898411
-0.5000000 1.1287805 0.7997717
-0.5000000 1.1707317 0.8100116
-0.5000000 1.2126829 0.8205569
-0.5000000 1.2546341 0.8314044
-0.5000000 1.2965854 0.8425513
-0.5000000 1.3385366 0.8539950
-0.5000000 1.3804878 0.8657335
-0.5000000 1.4224390 0.8777652
-0.5000000 1.4643902 0.8900889
-0.5000000 1.5063415 0.9027040
-0.5000000 1.5482927 0.9156104
-0.5000000 1.5902439 0.9288086
-0.5000000 1.6321951 0.9422995
-0.5000000 1.6741463 0.9560848
-0.5000000 1.7160976 0.9701667
-0.5000000 1.7580488 0.9845483
-0.5000000 1.8000000 0.9992330
-0.4500000 0.0800000 0.6634841
-0.4500000 0.1219512 0.6644446
-0.4500000 0.1639024 0.6658026
-0.4500000 0.2058537 0.6675563
-0.4500000 0.2478049 0.6697038
-0.4500000 0.2897561 0.6722424
-0.4500000 0.3317073 0.6751692
-0.4500000 0.3736585 0.6784810
-0.4500000 0.4156098 0.6821739
-0.4500000 0.4575610 0.6862440
-0.4500000 0.4995122 0.6906871
-0.4500000 0.5414634 0.6954986
-0.4500000 0.5834146 0.7006737
-0.4500000 0.6253659 0.7062077
-0.4500000 0.6673171 0.7120955
-0.4500000 0.7092683 0.7183319
-0.4500000 0.7512195 0.7249119
-0.4500000 0.7931707 0.7318302
-0.4500000 0.8351220 0.7390818
-0.4500000 0.8770732 0.7466615
-0.4500000 0.9190244 0.7545644
-0.4500000 0.9609756 0.7627855
-0.4500000 1.0029268 0.7713202
-0.4500000 1.0448780 0.7801639
-0.4500000 1.0868293 0.7893123
-0.4500000 1.1287805 0.7987614
-0.4500000 1.1707317 0.8085072
-0.4500000 1.2126829 0.8185463
-0.4500000 1.2546341 0.8288753
-0.4500000 1.2965854 0.8394914
-0.4500000 1.3385366 0.8503920
-0.4500000 1.3804878 0.8615748
-0.4500000 1.4224390 0.8730381
-0.4500000 1.4643902 0.8847803
-0.4500000 1.5063415 0.8968005
-0.4500000 1.5482927 0.9090981
-0.4500000 1.5902439 0.9216731
-0.4500000 1.6321951 0.9345257
-0.4500000 1.6741463 0.9476569
-0.4500000 1.7160976 0.9610682
-0.4500000 1.7580488 0.9747615
-0.4500000 1.8000000 0.9887395
-0.4000000 0.0800000 0.6696943
-0.4000000 0.1219512 0.6706037
-0.4000000 0.1639024 0.6718896
-0.4000000 0.2058537 0.6735504
-0.4000000 0.2478049 0.6755843
-0.4000000 0.2897561 0.6779891
-0.4000000 0.3317073 0.6807622
-0.4000000 0.3736585 0.6839006
-0.4000000 0.4156098 0.6874012
-0.4000000 0.4575610 0.6912603
-0.4000000 0.4995122 0.6954742
-0.4000000 0.5414634 0.7000389
-0.4000000 0.5834146 0.7049501
-0.4000000 0.6253659 0.7102036
-0.4000000 0.6673171 0.7157947
-0.4000000 0.7092683 0.7217189
-0.4000000 0.7512195 0.7279715
-0.4000000 0.7931707 0.7345480
-0.4000000 0.8351220 0.7414435
-0.4000000 0.8770732 0.7486534
-0.4000000 0.9190244 0.7561733
-0.4000000 0.9609756 0.7639985
-0.4000000 1.0029268 0.7721248
-0.4000000 1.0448780 0.7805478
-0.4000000 1.0868293 0.7892635
-0.4000000 1.1287805 0.7982681
-0.4000000 1.1707317 0.8075579
-0.4000000 1.2126829 0.8171294
-0.4000000 1.2546341 0.8269795
-0.4000000 1.2965854 0.8371053
-0.4000000 1.3385366 0.8475041
-0.4000000 1.3804878 0.8581737
-0.4000000 1.4224390 0.8691121
-0.4000000 1.4643902 0.8803175
-0.4000000 1.5063415 0.8917888
-0.4000000 1.5482927 0.9035251
-0.4000000 1.5902439 0.9155257
-0.4000000 1.6321951 0.9277907
-0.4000000 1.6741463 0.9403203
-0.4000000 1.7160976 0.9531155
-0.4000000 1.7580488 0.9661773
-0.4000000 1.8000000 0.9795078
-0.3500000 0.0800000 0.6758194
-0.3500000 0.1219512 0.6766822
-0.3500000 0.1639024 0.6779022
-0.3500000 0.2058537 0.6794781
-0.3500000 0.2478049 0.6814084
-0.3500000 0.2897561 0.6836910
-0.3500000 0.3317073 0.6863236
-0.3500000 0.3736585 0.6893037
-0.3500000 0.4156098 0.6926283
-0.3500000 0.4575610 0.6962943
-0.3500000 0.4995122 0.7002984
-0.3500000 0.5414634 0.7046368
-0.3500000 0.5834146 0.7093060
-0.3500000 0.6253659 0.7143019
-0.3500000 0.6673171 0.7196205
-0.3500000 0.7092683 0.7252577
-0.3500000 0.7512195 0.7312092
-0.3500000 0.7931707 0.7374708
-0.3500000 0.8351220 0.7440383
-0.3500000 0.8770732 0.7509074
-0.3500000 0.9190244 0.7580739
-0.3500000 0.9609756 0.7655336
-0.3500000 1.0029268 0.7732825
-0.3500000 1.0448780 0.7813166
-0.3500000 1.0868293 0.7896322
-0.3500000 1.1287805 0.7982256
-0.3500000 1.1707317 0.8070932
-0.3500000 1.2126829 0.8162319
-0.3500000 1.2546341 0.8256385
-0.3500000 1.2965854 0.8353102
-0.3500000 1.3385366 0.8452443
-0.3500000 1.3804878 0.8554385
-0.3500000 1.4224390 0.8658908
-0.3500000 1.4643902 0.8765993
-0.3500000 1.5063415 0.8875626
-0.3500000 1.5482927 0.8987794
-0.3500000 1.5902439 0.9102491
-0.3500000 1.6321951 0.9219712
-0.3500000 1.6741463 0.9339454
-0.3500000 1.7160976 0.9461723
-0.3500000 1.7580488 0.9586524
-0.3500000 1.8000000 0.9713870
-0.3000000 0.0800000 0.6818612
-0.3000000 0.1219512 0.6826814
-0.3000000 0.1639024 0.6838411
-0.3000000 0.2058537 0.6853394
-0.3000000 0.2478049 0.6871747
-0.3000000 0.2897561 0.6893453
-0.3000000 0.3317073 0.6918491
-0.3000000 0.3736585 0.6946839
-0.3000000 0.4156098 0.6978471
-0.3000000 0.4575610 0.7013358
-0.3000000 0.4995122 0.7051470
-0.3000000 0.5414634 0.7092775
-0.3000000 0.5834146 0.7137240
-0.3000000 0.6253659 0.7184828
-0.3000000 0.6673171 0.7235504
-0.3000000 0.7092683 0.7289230
-0.3000000 0.7512195 0.7345967
-0.3000000 0.7931707 0.7405677
-0.3000000 0.8351220 0.7468322
-0.3000000 0.8770732 0.7533861
-0.3000000 0.9190244 0.7602257
-0.3000000 0.9609756 0.7673472
-0.3000000 1.0029268 0.7747466
-0.3000000 1.0448780 0.7824205
-0.3000000 1.0868293 0.7903652
-0.3000000 1.1287805 0.7985772
-0.3000000 1.1707317 0.8070532
-0.3000000 1.2126829 0.8157902
-0.3000000 1.2546341 0.8247851
-0.3000000 1.2965854 0.8340352
-0.3000000 1.3385366 0.8435378
-0.3000000 1.3804878 0.8532907
-0.3000000 1.4224390 0.8632916
-0.3000000 1.4643902 0.8735388
-0.3000000 1.5063415 0.8840306
-0.3000000 1.5482927 0.8947656
-0.3000000 1.5902439 0.9057429
-0.3000000 1.6321951 0.9169617
-0.3000000 1.6741463 0.9284216
-0.3000000 1.7160976 0.9401225
-0.3000000 1.7580488 0.9520647
-0.3000000 1.8000000 0.9642488
-0.2500000 0.0800000 0.6878219
-0.2500000 0.1219512 0.6886029
-0.2500000 0.1639024 0.6897073
-0.2500000 0.2058537 0.6911342
-0.2500000 0.2478049 0.6928822
-0.2500000 0.2897561 0.6949498
-0.2500000 0.3317073 0.6973352
-0.2500000 0.3736585 0.7000364
-0.2500000 0.4156098 0.7030509
-0.2500000 0.4575610 0.7063762
-0.2500000 0.4995122 0.7100098
-0.2500000 0.5414634 0.7139485
-0.2500000 0.5834146 0.7181895
-0.2500000 0.6253659 0.7227295
-0.2500000 0.6673171 0.7275652
-0.2500000 0.7092683 0.7326932
-0.2500000 0.7512195 0.7381101
-0.2500000 0.7931707 0.7438122
-0.2500000 0.8351220 0.7497960
-0.2500000 0.8770732 0.7560580
-0.2500000 0.9190244 0.7625945
-0.2500000 0.9609756 0.7694022
-0.2500000 1.0029268 0.7764773
-0.2500000 1.0448780 0.7838166
-0.2500000 1.0868293 0.7914166
-0.2500000 1.1287805 0.7992742
-0.2500000 1.1707317 0.8073862
-0.2500000 1.2126829 0.8157496
-0.2500000 1.2546341 0.8243615
-0.2500000 1.2965854 0.8332192
-0.2500000 1.3385366 0.8423203
-0.2500000 1.3804878 0.8516624
-0.2500000 1.4224390 0.8612433
-0.2500000 1.4643902 0.8710611
-0.2500000 1.5063415 0.8811142
-0.2500000 1.5482927 0.8914011
-0.2500000 1.5902439 0.9019206
-0.2500000 1.6321951 0.9126717
-0.2500000 1.6741463 0.9236537
-0.2500000 1.7160976 0.9348663
-0.2500000 1.7580488 0.9463095
-0.2500000 1.8000000 0.9579834
-0.2000000 0.0800000 0.6937035
-0.2000000 0.1219512 0.6944483
-0.2000000 0.1639024 0.6955017
-0.2000000 0.2058537 0.6968628
-0.2000000 0.2478049 0.6985304
-0.2000000 0.2897561 0.7005031
-0.2000000 0.3317073 0.7027792
-0.2000000 0.3736585 0.7053570
-0.2000000 0.4156098 0.7082342
-0.2000000 0.4575610 0.7114088
-0.2000000 0.4995122 0.7148781
-0.2000000 0.5414634 0.7186396
-0.2000000 0.5834146 0.7226905
-0.2000000 0.6253659 0.7270280
-0.2000000 0.6673171 0.7316489
-0.2000000 0.7092683 0.7365503
-0.2000000 0.7512195 0.7417289
-0.2000000 0.7931707 0.7471816
-0.2000000 0.8351220 0.7529050
-0.2000000 0.8770732 0.7588958
-0.2000000 0.9190244 0.7651508
-0.2000000 0.9609756 0.7716666
-0.2000000 1.0029268 0.7784401
-0.2000000 1.0448780 0.7854680
-0.2000000 1.0868293 0.7927472
-0.2000000 1.1287805 0.8002747
-0.2000000 1.1707317 0.8080475
-0.2000000 1.2126829 0.8160626
-0.2000000 1.2546341 0.8243175
-0.2000000 1.2965854 0.8328094
-0.2000000 1.3385366 0.8415360
-0.2000000 1.3804878 0.8504950
-0.2000000 1.4224390 0.8596841
-0.2000000 1.4643902 0.8691016
-0.2000000 1.5063415 0.8787456
-0.2000000 1.5482927 0.8886146
-0.2000000 1.5902439 0.8987073
-0.2000000 1.6321951 0.9090225
-0.2000000 1.6741463 0.9195595
-0.2000000 1.7160976 0.9303175
-0.2000000 1.7580488 0.9412964
-0.2000000 1.8000000 0.9524959
-0.1500000 0.0800000 0.6995078
-0.1500000 0.1219512 0.7002193
-0.1500000 0.1639024 0.7012255
-0.1500000 0.2058537 0.7025258
-0.1500000 0.2478049 0.7041190
-0.1500000 0.2897561 0.7060039
-0.1500000 0.3317073 0.7081789
-0.1500000 0.3736585 0.7106425
-0.1500000 0.4156098 0.7133928
-0.1500000 0.4575610 0.7164276
-0.1500000 0.4995122 0.7197448
-0.1500000 0.5414634 0.7233420
-0.1500000 0.5834146 0.7272166
-0.1500000 0.6253659 0.7313662
-0.1500000 0.6673171 0.7357878
-0.1500000 0.7092683 0.7404787
-0.1500000 0.7512195 0.7454360
-0.1500000 0.7931707 0.7506567
-0.1500000 0.8351220 0.7561378
-0.1500000 0.8770732 0.7618762
-0.1500000 0.9190244 0.7678690
-0.1500000 0.9609756 0.7741131
-0.1500000 1.0029268 0.7806054
-0.1500000 1.0448780 0.7873430
-0.1500000 1.0868293 0.7943229
-0.1500000 1.1287805 0.8015423
-0.1500000 1.1707317 0.8089984
-0.1500000 1.2126829 0.8166884
-0.1500000 1.2546341 0.8246097
-0.1500000 1.2965854 0.8327599
-0.1500000 1.3385366 0.8411366
-0.1500000 1.3804878 0.8497375
-0.1500000 1.4224390 0.8585605
-0.1500000 1.4643902 0.8676038
-0.1500000 1.5063415 0.8768654
-0.1500000 1.5482927 0.8863439
-0.1500000 1.5902439 0.8960379
-0.1500000 1.6321951 0.9059460
-0.1500000 1.6741463 0.9160674
-0.1500000 1.7160976 0.9264012
-0.1500000 1.7580488 0.9369470
-0.1500000 1.8000000 0.9477043
-0.1000000 0.0800000 0.7052367
-0.1000000 0.1219512 0.7059173
-0.1000000 0.1639024 0.7068799
-0.1000000 0.2058537 0.7081238
-0.1000000 0.2478049 0.7096480
-0.1000000 0.2897561 0.7114515
-0.1000000 0.3317073 0.7135328
-0.1000000 0.3736585 0.7158905
-0.1000000 0.4156098 0.7185229
-0.1000000 0.4575610 0.7214280
-0.1000000 0.4995122 0.7246039
-0.1000000 0.5414634 0.7280484
-0.1000000 0.5834146 0.7317592
-0.1000000 0.6253659 0.7357340
-0.1000000 0.6673171 0.7399702
-0.1000000 0.7092683 0.7444652
-0.1000000 0.7512195 0.7492163
-0.1000000 0.7931707 0.7542209
-0.1000000 0.8351220 0.7594761
-0.1000000 0.8770732 0.7649792
-0.1000000 0.9190244 0.7707274
-0.1000000 0.9609756 0.7767177
-0.1000000 1.0029268 0.7829475
-0.1000000 1.0448780 0.7894138
-0.1000000 1.0868293 0.7961140
-0.1000000 1.1287805 0.8030454
-0.1000000 1.1707317 0.8102053
-0.1000000 1.2126829 0.8175911
-0.1000000 1.2546341 0.8252003
-0.1000000 1.2965854 0.8330307
-0.1000000 1.3385366 0.8410797
-0.1000000 1.3804878 0.8493454
-0.1000000 1.4224390 0.8578256
-0.1000000 1.4643902 0.8665184
-0.1000000 1.5063415 0.8754220
-0.1000000 1.5482927 0.8845349
-0.1000000 1.5902439 0.8938556
-0.1000000 1.6321951 0.9033827
-0.1000000 1.6741463 0.9131152
-0.1000000 1.7160976 0.9230522
-0.1000000 1.7580488 0.9331929
-0.1000000 1.8000000 0.9435369
-0.0500000 0.0800000 0.7108921
-0.0500000 0.1219512 0.7115440
-0.0500000 0.1639024 0.7124660
-0.0500000 0.2058537 0.7136575
-0.0500000 0.2478049 0.7151177
-0.0500000 0.2897561 0.7168455
-0.0500000 0.3317073 0.7188397
-0.0500000 0.3736585 0.7210989
-0.0500000 0.4156098 0.7236216
-0.0500000 0.4575610 0.7264060
-0.0500000 0.4995122 0.7294504
-0.0500000 0.5414634 0.7327527
-0.0500000 0.5834146 0.7363109
-0.0500000 0.6253659 0.7401228
-0.0500000 0.6673171 0.7441861
-0.0500000 0.7092683 0.7484983
-0.0500000 0.7512195 0.7530571
-0.0500000 0.7931707 0.7578599
-0.0500000 0.8351220 0.7629042
-0.0500000 0.8770732 0.7681874
-0.0500000 0.9190244 0.7737069
-0.0500000 0.9609756 0.7794599
-0.0500000 1.0029268 0.7854440
-0.0500000 1.0448780 0.7916565
-0.0500000 1.0868293 0.7980949
-0.0500000 1.1287805 0.8047564
-0.0500000 1.1707317 0.8116388
-0.0500000 1.2126829 0.8187395
-0.0500000 1.2546341 0.8260562
-0.0500000 1.2965854 0.8335866
-0.0500000 1.3385366 0.8413284
-0.0500000 1.3804878 0.8492797
-0.0500000 1.4224390 0.8574382
-0.0500000 1.4643902 0.8658023
-0.0500000 1.5063415 0.8743701
-0.0500000 1.5482927 0.8831400
-0.0500000 1.5902439 0.8921105
-0.0500000 1.6321951 0.9012803
-0.0500000 1.6741463 0.9106481
-0.0500000 1.7160976 0.9202131
-0.0500000 1.7580488 0.9299743
-0.0500000 1.8000000 0.9399311
0.0000000 0.0800000 0.7164758
0.0000000 0.1219512 0.7171009
0.0000000 0.1639024 0.7179852
0.0000000 0.2058537 0.7191279
0.0000000 0.2478049 0.7205284
0.0000000 0.2897561 0.7221857
0.0000000 0.3317073 0.7240987
0.0000000 0.3736585 0.7262661
0.0000000 0.4156098 0.7286865
0.0000000 0.4575610 0.7313584
0.0000000 0.4995122 0.7342801
0.0000000 0.5414634 0.7374498
0.0000000 0.5834146 0.7408655
0.0000000 0.6253659 0.7445253
0.0000000 0.6673171 0.7484270
0.0000000 0.7092683 0.7525684
0.0000000 0.7512195 0.7569474
0.0000000 0.7931707 0.7615615
0.0000000 0.8351220 0.7664084
0.0000000 0.8770732 0.7714857
0.0000000 0.9190244 0.7767910
0.0000000 0.9609756 0.7823218
0.0000000 1.0029268 0.7880756
0.0000000 1.0448780 0.7940501
0.0000000 1.0868293 0.8002428
0.0000000 1.1287805 0.8066513
0.0000000 1.1707317 0.8132733
0.0000000 1.2126829 0.8201064
0.0000000 1.2546341 0.8271483
0.0000000 1.2965854 0.8343970
0.0000000 1.3385366 0.8418502
0.0000000 1.3804878 0.8495060
0.0000000 1.4224390 0.8573624
0.0000000 1.4643902 0.8654175
0.0000000 1.5063415 0.8736697
0.0000000 1.5482927 0.8821173
0.0000000 1.5902439 0.8907588
0.0000000 1.6321951 0.8995928
0.0000000 1.6741463 0.9086181
0.0000000 1.7160976 0.9178337
0.0000000 1.7580488 0.9272385
0.0000000 1.8000000 0.9368318
0.0500000 0.0800000 0.7219894
0.0500000 0.1219512 0.7225896
0.0500000 0.1639024 0.7234386
0.0500000 0.2058537 0.7245358
0.0500000 0.2478049 0.7258806
0.0500000 0.2897561 0.7274721
0.0500000 0.3317073 0.7293093
0.0500000 0.3736585 0.7313909
0.0500000 0.4156098 0.7337158
0.0500000 0.4575610 0.7362825
0.0500000 0.4995122 0.7390895
0.0500000 0.5414634 0.7421351
0.0500000 0.5834146 0.7454176
0.0500000 0.6253659 0.7489350
0.0500000 0.6673171 0.7526855
0.0500000 0.7092683 0.7566671
0.0500000 0.7512195 0.7608776
0.0500000 0.7931707 0.7653149
0.0500000 0.8351220 0.7699767
0.0500000 0.8770732 0.7748610
0.0500000 0.9190244 0.7799654
0.0500000 0.9609756 0.7852875
0.0500000 1.0029268 0.7908253
0.0500000 1.0448780 0.7965762
0.0500000 1.0868293 0.8025382
0.0500000 1.1287805 0.8087089
0.0500000 1.1707317 0.8150860
0.0500000 1.2126829 0.8216675
0.0500000 1.2546341 0.8284511
0.0500000 1.2965854 0.8354348
0.0500000 1.3385366 0.8426165
0.0500000 1.3804878 0.8499943
0.0500000 1.4224390 0.8575662
0.0500000 1.4643902 0.8653306
0.0500000 1.5063415 0.8732857
0.0500000 1.5482927 0.8814299
0.0500000 1.5902439 0.8897617
0.0500000 1.6321951 0.8982797
0.0500000 1.6741463 0.9069826
0.0500000 1.7160976 0.9158694
0.0500000 1.7580488 0.9249390
0.0500000 1.8000000 0.9341906
0.1000000 0.0800000 0.7274347
0.1000000 0.1219512 0.7280115
0.1000000 0.1639024 0.7288276
0.1000000 0.2058537 0.7298822
0.1000000 0.2478049 0.7311749
0.1000000 0.2897561 0.7327048
0.1000000 0.3317073 0.7344710
0.1000000 0.3736585 0.7364725
0.1000000 0.4156098 0.7387080
0.1000000 0.4575610 0.7411762
0.1000000 0.4995122 0.7438758
0.1000000 0.5414634 0.7468051
0.1000000 0.5834146 0.7499627
0.1000000 0.6253659 0.7533468
0.1000000 0.6673171 0.7569555
0.1000000 0.7092683 0.7607870
0.1000000 0.7512195 0.7648394
0.1000000 0.7931707 0.7691107
0.1000000 0.8351220 0.7735989
0.1000000 0.8770732 0.7783018
0.1000000 0.9190244 0.7832174
0.1000000 0.9609756 0.7883435
0.1000000 1.0029268 0.7936780
0.1000000 1.0448780 0.7992187
0.1000000 1.0868293 0.8049636
0.1000000 1.1287805 0.8109104
0.1000000 1.1707317 0.8170571
0.1000000 1.2126829 0.8234017
0.1000000 1.2546341 0.8299419
0.1000000 1.2965854 0.8366760
0.1000000 1.3385366 0.8436018
0.1000000 1.3804878 0.8507176
0.1000000 1.4224390 0.8580215
0.1000000 1.4643902 0.8655118
0.1000000 1.5063415 0.8731869
0.1000000 1.5482927 0.8810450
0.1000000 1.5902439 0.8890849
0.1000000 1.6321951 0.8973050
0.1000000 1.6741463 0.9057041
0.1000000 1.7160976 0.9142810
0.1000000 1.7580488 0.9230347
0.1000000 1.8000000 0.9319642
0.1500000 0.0800000 0.7328132
0.1500000 0.1219512 0.7333682
0.1500000 0.1639024 0.7341533
0.1500000 0.2058537 0.7351681
0.1500000 0.2478049 0.7364120
0.1500000 0.2897561 0.7378842
0.1500000 0.3317073 0.7395839
0.1500000 0.3736585 0.7415101
0.1500000 0.4156098 0.7436617
0.1500000 0.4575610 0.7460376
0.1500000 0.4995122 0.7486364
0.1500000 0.5414634 0.7514567
0.1500000 0.5834146 0.7544970
0.1500000 0.6253659 0.7577558
0.1500000 0.6673171 0.7612313
0.1500000 0.7092683 0.7649219
0.1500000 0.7512195 0.7688258
0.1500000 0.7931707 0.7729410
0.1500000 0.8351220 0.7772658
0.1500000 0.8770732 0.7817981
0.1500000 0.9190244 0.7865360
0.1500000 0.9609756 0.7914775
0.1500000 1.0029268 0.7966207
0.1500000 1.0448780 0.8019634
0.1500000 1.0868293 0.8075037
0.1500000 1.1287805 0.8132396
0.1500000 1.1707317 0.8191690
0.1500000 1.2126829 0.8252901
0.1500000 1.2546341 0.8316009
0.1500000 1.2965854 0.8380994
0.1500000 1.3385366 0.8447839
0.1500000 1.3804878 0.8516524
0.1500000 1.4224390 0.8587033
0.1500000 1.4643902 0.8659349
0.1500000 1.5063415 0.8733455
0.1500000 1.5482927 0.8809337
0.1500000 1.5902439 0.8886979
0.1500000 1.6321951 0.8966367
0.1500000 1.6741463 0.9047489
0.1500000 1.7160976 0.9130334
0.1500000 1.7580488 0.9214889
0.1500000 1.8000000 0.9301146
0.2000000 0.0800000 0.7381265
0.2000000 0.1219512 0.7386610
0.2000000 0.1639024 0.7394172
0.2000000 0.2058537 0.7403945
0.2000000 0.2478049 0.7415925
0.2000000 0.2897561 0.7430105
0.2000000 0.3317073 0.7446478
0.2000000 0.3736585 0.7465033
0.2000000 0.4156098 0.7485762
0.2000000 0.4575610 0.7508653
0.2000000 0.4995122 0.7533693
0.2000000 0.5414634 0.7560871
0.2000000 0.5834146 0.7590172
0.2000000 0.6253659 0.7621581
0.2000000 0.6673171 0.7655084
0.2000000 0.7092683 0.7690663
0.2000000 0.7512195 0.7728303
0.2000000 0.7931707 0.7767986
0.2000000 0.8351220 0.7809695
0.2000000 0.8770732 0.7853411
0.2000000 0.9190244 0.7899116
0.2000000 0.9609756 0.7946791
0.2000000 1.0029268 0.7996418
0.2000000 1.0448780 0.8047977
0.2000000 1.0868293 0.8101450
0.2000000 1.1287805 0.8156818
0.2000000 1.1707317 0.8214061
0.2000000 1.2126829 0.8273162
0.2000000 1.2546341 0.8334102
0.2000000 1.2965854 0.8396863
0.2000000 1.3385366 0.8461426
0.2000000 1.3804878 0.8527775
0.2000000 1.4224390 0.8595893
0.2000000 1.4643902 0.8665763
0.2000000 1.5063415 0.8737370
0.2000000 1.5482927 0.8810699
0.2000000 1.5902439 0.8885735
0.2000000 1.6321951 0.8962464
0.2000000 1.6741463 0.9040875
0.2000000 1.7160976 0.9120954
0.2000000 1.7580488 0.9202691
0.2000000 1.8000000 0.9286076
0.2500000 0.0800000 0.7433762
0.2500000 0.1219512 0.7438914
0.2500000 0.1639024 0.7446203
0.2500000 0.2058537 0.7455624
0.2500000 0.2478049 0.7467173
0.2500000 0.2897561 0.7480844
0.2500000 0.3317073 0.7496629
0.2500000 0.3736585 0.7514520
0.2500000 0.4156098 0.7534507
0.2500000 0.4575610 0.7556581
0.2500000 0.4995122 0.7580730
0.2500000 0.5414634 0.7606942
0.2500000 0.5834146 0.7635205
0.2500000 0.6253659 0.7665504
0.2500000 0.6673171 0.7697826
0.2500000 0.7092683 0.7732156
0.2500000 0.7512195 0.7768477
0.2500000 0.7931707 0.7806774
0.2500000 0.8351220 0.7847031
0.2500000 0.8770732 0.7889231
0.2500000 0.9190244 0.7933355
0.2500000 0.9609756 0.7979388
0.2500000 1.0029268 0.8027310
0.2500000 1.0448780 0.8077105
0.2500000 1.0868293 0.8128755
0.2500000 1.1287805 0.8182241
0.2500000 1.1707317 0.8237546
0.2500000 1.2126829 0.8294652
0.2500000 1.2546341 0.8353542
0.2500000 1.2965854 0.8414198
0.2500000 1.3385366 0.8476604
0.2500000 1.3804878 0.8540742
0.2500000 1.4224390 0.8606597
0.2500000 1.4643902 0.8674152
0.2500000 1.5063415 0.8743394
0.2500000 1.5482927 0.8814306
0.2500000 1.5902439 0.8886874
0.2500000 1.6321951 0.8961087
0.2500000 1.6741463 0.9036930
0.2500000 1.7160976 0.9114391
0.2500000 1.7580488 0.9193461
0.2500000 1.8000000 0.9274128
0.3000000 0.0800000 0.7485637
0.3000000 0.1219512 0.7490607
0.3000000 0.1639024 0.7497639
0.3000000 0.2058537 0.7506729
0.3000000 0.2478049 0.7517872
0.3000000 0.2897561 0.7531063
0.3000000 0.3317073 0.7546294
0.3000000 0.3736585 0.7563558
0.3000000 0.4156098 0.7582847
0.3000000 0.4575610 0.7604151
0.3000000 0.4995122 0.7627460
0.3000000 0.5414634 0.7652762
0.3000000 0.5834146 0.7680045
0.3000000 0.6253659 0.7709297
0.3000000 0.6673171 0.7740505
0.3000000 0.7092683 0.7773655
0.3000000 0.7512195 0.7808731
0.3000000 0.7931707 0.7845720
0.3000000 0.8351220 0.7884606
0.3000000 0.8770732 0.7925372
0.3000000 0.9190244 0.7968003
0.3000000 0.9609756 0.8012483
0.3000000 1.0029268 0.8058794
0.3000000 1.0448780 0.8106921
0.3000000 1.0868293 0.8156845
0.3000000 1.1287805 0.8208551
0.3000000 1.1707317 0.8262021
0.3000000 1.2126829 0.8317239
0.3000000 1.2546341 0.8374187
0.3000000 1.2965854 0.8432851
0.3000000 1.3385366 0.8493212
0.3000000 1.3804878 0.8555256
0.3000000 1.4224390 0.8618967
0.3000000 1.4643902 0.8684329
0.3000000 1.5063415 0.8751328
0.3000000 1.5482927 0.8819950
0.3000000 1.5902439 0.8890180
0.3000000 1.6321951 0.8962006
0.3000000 1.6741463 0.9035416
0.3000000 1.7160976 0.9110397
0.3000000 1.7580488 0.9186938
0.3000000 1.8000000 0.9265028
0.3500000 0.0800000 0.7536903
0.3500000 0.1219512 0.7541703
0.3500000 0.1639024 0.7548493
0.3500000 0.2058537 0.7557270
0.3500000 0.2478049 0.7568030
0.3500000 0.2897561 0.7580768
0.3500000 0.3317073 0.7595477
0.3500000 0.3736585 0.7612150
0.3500000 0.4156098 0.7630779
0.3500000 0.4575610 0.7651356
0.3500000 0.4995122 0.7673871
0.3500000 0.5414634 0.7698314
0.3500000 0.5834146 0.7724672
0.3500000 0.6253659 0.7752935
0.3500000 0.6673171 0.7783090
0.3500000 0.7092683 0.7815125
0.3500000 0.7512195 0.7849025
0.3500000 0.7931707 0.7884776
0.3500000 0.8351220 0.7922365
0.3500000 0.8770732 0.7961776
0.3500000 0.9190244 0.8002994
0.3500000 0.9609756 0.8046003
0.3500000 1.0029268 0.8090789
0.3500000 1.0448780 0.8137335
0.3500000 1.0868293 0.8185626
0.3500000 1.1287805 0.8235645
0.3500000 1.1707317 0.8287376
0.3500000 1.2126829 0.8340804
0.3500000 1.2546341 0.8395913
0.3500000 1.2965854 0.8452687
0.3500000 1.3385366 0.8511110
0.3500000 1.3804878 0.8571167
0.3500000 1.4224390 0.8632844
0.3500000 1.4643902 0.8696125
0.3500000 1.5063415 0.8760997
0.3500000 1.5482927 0.8827445
0.3500000 1.5902439 0.8895457
0.3500000 1.6321951 0.8965018
0.3500000 1.6741463 0.9036118
0.3500000 1.7160976 0.9108745
0.3500000 1.7580488 0.9182886
0.3500000 1.8000000 0.9258533
0.4000000 0.0800000 0.7587576
0.4000000 0.1219512 0.7592214
0.4000000 0.1639024 0.7598775
0.4000000 0.2058537 0.7607257
0.4000000 0.2478049 0.7617655
0.4000000 0.2897561 0.7629965
0.4000000 0.3317073 0.7644180
0.4000000 0.3736585 0.7660295
0.4000000 0.4156098 0.7678301
0.4000000 0.4575610 0.7698191
0.4000000 0.4995122 0.7719956
0.4000000 0.5414634 0.7743585
0.4000000 0.5834146 0.7769069
0.4000000 0.6253659 0.7796396
0.4000000 0.6673171 0.7825556
0.4000000 0.7092683 0.7856534
0.4000000 0.7512195 0.7889321
0.4000000 0.7931707 0.7923900
0.4000000 0.8351220 0.7960261
0.4000000 0.8770732 0.7998388
0.4000000 0.9190244 0.8038267
0.4000000 0.9609756 0.8079884
0.4000000 1.0029268 0.8123224
0.4000000 1.0448780 0.8168272
0.4000000 1.0868293 0.8215013
0.4000000 1.1287805 0.8263432
0.4000000 1.1707317 0.8313514
0.4000000 1.2126829 0.8365244
0.4000000 1.2546341 0.8418606
0.4000000 1.2965854 0.8473586
0.4000000 1.3385366 0.8530169
0.4000000 1.3804878 0.8588340
0.4000000 1.4224390 0.8648085
0.4000000 1.4643902 0.8709390
0.4000000 1.5063415 0.8772241
0.4000000 1.5482927 0.8836625
0.4000000 1.5902439 0.8902528
0.4000000 1.6321951 0.8969939
0.4000000 1.6741463 0.9038844
0.4000000 1.7160976 0.9109234
0.4000000 1.7580488 0.9181095
0.4000000 1.8000000 0.9254420
0.4500000 0.0800000 0.7637669
0.4500000 0.1219512 0.7642153
0.4500000 0.1639024 0.7648498
0.4500000 0.2058537 0.7656700
0.4500000 0.2478049 0.7666756
0.4500000 0.2897561 0.7678661
0.4500000 0.3317073 0.7692410
0.4500000 0.3736585 0.7707996
0.4500000 0.4156098 0.7725413
0.4500000 0.4575610 0.7744652
0.4500000 0.4995122 0.7765706
0.4500000 0.5414634 0.7788566
0.4500000 0.5834146 0.7813221
0.4500000 0.6253659 0.7839662
0.4500000 0.6673171 0.7867878
0.4500000 0.7092683 0.7897857
0.4500000 0.7512195 0.7929587
0.4500000 0.7931707 0.7963057
0.4500000 0.8351220 0.7998253
0.4500000 0.8770732 0.8035162
0.4500000 0.9190244 0.8073771
0.4500000 0.9609756 0.8114067
0.4500000 1.0029268 0.8156034
0.4500000 1.0448780 0.8199661
0.4500000 1.0868293 0.8244931
0.4500000 1.1287805 0.8291831
0.4500000 1.1707317 0.8340346
0.4500000 1.2126829 0.8390463
0.4500000 1.2546341 0.8442166
0.4500000 1.2965854 0.8495442
0.4500000 1.3385366 0.8550276
0.4500000 1.3804878 0.8606654
0.4500000 1.4224390 0.8664563
0.4500000 1.4643902 0.8723989
0.4500000 1.5063415 0.8784918
0.4500000 1.5482927 0.8847338
0.4500000 1.5902439 0.8911237
0.4500000 1.6321951 0.8976601
0.4500000 1.6741463 0.9043420
0.4500000 1.7160976 0.9111681
0.4500000 1.7580488 0.9181375
0.4500000 1.8000000 0.9252490
0.5000000 0.0800000 0.7687193
0.5000000 0.1219512 0.7691533
0.5000000 0.1639024 0.7697673
0.5000000 0.2058537 0.7705611
0.5000000 0.2478049 0.7715342
0.5000000 0.2897561 0.7726864
0.5000000 0.3317073 0.7740170
0.5000000 0.3736585 0.7755255
0.5000000 0.4156098 0.7772113
0.5000000 0.4575610 0.7790736
0.5000000 0.4995122 0.7811117
0.5000000 0.5414634 0.7833247
0.5000000 0.5834146 0.7857117
0.5000000 0.6253659 0.7882717
0.5000000 0.6673171 0.7910038
0.5000000 0.7092683 0.7939068
0.5000000 0.7512195 0.7969797
0.5000000 0.7931707 0.8002213
0.5000000 0.8351220 0.8036303
0.5000000 0.8770732 0.8072056
0.5000000 0.9190244 0.8109460
0.5000000 0.9609756 0.8148500
0.5000000 1.0029268 0.8189164
0.5000000 1.0448780 0.8231440
0.5000000 1.0868293 0.8275312
0.5000000 1.1287805 0.8320768
0.5000000 1.1707317 0.8367794
0.5000000 1.2126829 0.8416377
0.5000000 1.2546341 0.8466502
0.5000000 1.2965854 0.8518156
0.5000000 1.3385366 0.8571327
0.5000000 1.3804878 0.8625999
0.5000000 1.4224390 0.8682160
0.5000000 1.4643902 0.8739797
0.5000000 1.5063415 0.8798898
0.5000000 1.5482927 0.8859449
0.5000000 1.5902439 0.8921439
0.5000000 1.6321951 0.8984855
0.5000000 1.6741463 0.9049687
0.5000000 1.7160976 0.9115922
0.5000000 1.7580488 0.9183551
0.5000000 1.8000000 0.9252563
0.5500000 0.0800000 0.7736163
0.5500000 0.1219512 0.7740365
0.5500000 0.1639024 0.7746311
0.5500000 0.2058537 0.7753997
0.5500000 0.2478049 0.7763421
0.5500000 0.2897561 0.7774579
0.5500000 0.3317073 0.7787466
0.5500000 0.3736585 0.7802076
0.5500000 0.4156098 0.7818403
0.5500000 0.4575610 0.7836442
0.5500000 0.4995122 0.7856184
0.5500000 0.5414634 0.7877621
0.5500000 0.5834146 0.7900745
0.5500000 0.6253659 0.7925548
0.5500000 0.6673171 0.7952018
0.5500000 0.7092683 0.7980148
0.5500000 0.7512195 0.8009925
0.5500000 0.7931707 0.8041339
0.5500000 0.8351220 0.8074380
0.5500000 0.8770732 0.8109034
0.5500000 0.9190244 0.8145291
0.5500000 0.9609756 0.8183138
0.5500000 1.0029268 0.8222563
0.5500000 1.0448780 0.8263553
0.5500000 1.0868293 0.8306096
0.5500000 1.1287805 0.8350178
0.5500000 1.1707317 0.8395787
0.5500000 1.2126829 0.8442909
0.5500000 1.2546341 0.8491532
0.5500000 1.2965854 0.8541643
0.5500000 1.3385366 0.8593229
0.5500000 1.3804878 0.8646276
0.5500000 1.4224390 0.8700773
0.5500000 1.4643902 0.8756706
0.5500000 1.5063415 0.8814064
0.5500000 1.5482927 0.8872835
0.5500000 1.5902439 0.8933005
0.5500000 1.6321951 0.8994565
0.5500000 1.6741463 0.9057503
0.5500000 1.7160976 0.9121807
0.5500000 1.7580488 0.9187468
0.5500000 1.8000000 0.9254476
0.6000000 0.0800000 0.7784589
0.6000000 0.1219512 0.7788661
0.6000000 0.1639024 0.7794422
0.6000000 0.2058537 0.7801871
0.6000000 0.2478049 0.7811003
0.6000000 0.2897561 0.7821815
0.6000000 0.3317073 0.7834303
0.6000000 0.3736585 0.7848462
0.6000000 0.4156098 0.7864286
0.6000000 0.4575610 0.7881769
0.6000000 0.4995122 0.7900903
0.6000000 0.5414634 0.7921683
0.6000000 0.5834146 0.7944098
0.6000000 0.6253659 0.7968142
0.6000000 0.6673171 0.7993805
0.6000000 0.7092683 0.8021078
0.6000000 0.7512195 0.8049950
0.6000000 0.7931707 0.8080413
0.6000000 0.8351220 0.8112454
0.6000000 0.8770732 0.8146063
0.6000000 0.9190244 0.8181229
0.6000000 0.9609756 0.8217940
0.6000000 1.0029268 0.8256185
0.6000000 1.0448780 0.8295952
0.6000000 1.0868293 0.8337228
0.6000000 1.1287805 0.8380002
0.6000000 1.1707317 0.8424260
0.6000000 1.2126829 0.8469992
0.6000000 1.2546341 0.8517183
0.6000000 1.2965854 0.8565823
0.6000000 1.3385366 0.8615898
0.6000000 1.3804878 0.8667397
0.6000000 1.4224390 0.8720306
0.6000000 1.4643902 0.8774615
0.6000000 1.5063415 0.8830311
0.6000000 1.5482927 0.8887383
0.6000000 1.5902439 0.8945819
0.6000000 1.6321951 0.9005608
0.6000000 1.6741463 0.9066738
0.6000000 1.7160976 0.9129201
0.6000000 1.7580488 0.9192984
0.6000000 1.8000000 0.9258080
