id iq logcond
-1.3000000 0.0800000 1.8544218
-1.3000000 0.1219512 1.8982299
-1.3000000 0.1639024 1.9700764
-1.3000000 0.2058537 2.0838543
-1.3000000 0.2478049 2.2763028
-1.3000000 0.2897561 2.7139443
-1.3000000 0.3317073 2.7553819
-1.3000000 0.3736585 2.2451986
-1.3000000 0.4156098 2.0101906
-1.3000000 0.4575610 1.8564676
-1.3000000 0.4995122 1.7435174
-1.3000000 0.5414634 1.6556979
-1.3000000 0.5834146 1.5852292
-1.3000000 0.6253659 1.5276249
-1.3000000 0.6673171 1.4800271
-1.3000000 0.7092683 1.4404779
-1.3000000 0.7512195 1.4075587
-1.3000000 0.7931707 1.3801954
-1.3000000 0.8351220 1.3575458
-1.3000000 0.8770732 1.3389312
-1.3000000 0.9190244 1.3237926
-1.3000000 0.9609756 1.3116624
-1.3000000 1.0029268 1.3021442
-1.3000000 1.0448780 1.2948998
-1.3000000 1.0868293 1.2896380
-1.3000000 1.1287805 1.2861076
-1.3000000 1.1707317 1.2840909
-1.3000000 1.2126829 1.2833987
-1.3000000 1.2546341 1.2838667
-1.3000000 1.2965854 1.2853515
-1.3000000 1.3385366 1.2877278
-1.3000000 1.3804878 1.2908865
-1.3000000 1.4224390 1.2947318
-1.3000000 1.4643902 1.2991799
-1.3000000 1.5063415 1.3041573
-1.3000000 1.5482927 1.3095994
-1.3000000 1.5902439 1.3154493
-1.3000000 1.6321951 1.3216571
-1.3000000 1.6741463 1.3281785
-1.3000000 1.7160976 1.3349745
-1.3000000 1.7580488 1.3420106
-1.3000000 1.8000000 1.3492563
-1.2452381 0.0800000 1.7175418
-1.2452381 0.1219512 1.6857170
-1.2452381 0.1639024 1.6464709
-1.2452381 0.2058537 1.6026368
-1.2452381 0.2478049 1.5567448
-1.2452381 0.2897561 1.5108126
-1.2452381 0.3317073 1.4663163
-1.2452381 0.3736585 1.4242575
-1.2452381 0.4156098 1.3852634
-1.2452381 0.4575610 1.3496838
-1.2452381 0.4995122 1.3176713
-1.2452381 0.5414634 1.2892423
-1.2452381 0.5834146 1.2643212
-1.2452381 0.6253659 1.2427707
-1.2452381 0.6673171 1.2244133
-1.2452381 0.7092683 1.2090460
-1.2452381 0.7512195 1.1964511
-1.2452381 0.7931707 1.1864038
-1.2452381 0.8351220 1.1786787
-1.2452381 0.8770732 1.1730548
-1.2452381 0.9190244 1.1693196
-1.2452381 0.9609756 1.1672719
-1.2452381 1.0029268 1.1667242
-1.2452381 1.0448780 1.1675037
-1.2452381 1.0868293 1.1694530
-1.2452381 1.1287805 1.1724301
-1.2452381 1.1707317 1.1763074
-1.2452381 1.2126829 1.1809716
-1.2452381 1.2546341 1.1863217
-1.2452381 1.2965854 1.1922689
-1.2452381 1.3385366 1.1987345
-1.2452381 1.3804878 1.2056496
-1.2452381 1.4224390 1.2129533
-1.2452381 1.4643902 1.2205923
-1.2452381 1.5063415 1.2285199
-1.2452381 1.5482927 1.2366950
-1.2452381 1.5902439 1.2450813
-1.2452381 1.6321951 1.2536472
-1.2452381 1.6741463 1.2623648
-1.2452381 1.7160976 1.2712096
-1.2452381 1.7580488 1.2801600
-1.2452381 1.8000000 1.2891970
-1.1904762 0.0800000 1.2739322
-1.1904762 0.1219512 1.2606100
-1.1904762 0.1639024 1.2446222
-1.1904762 0.2058537 1.2266519
-1.1904762 0.2478049 1.2074221
-1.1904762 0.2897561 1.1876366
-1.1904762 0.3317073 1.1679359
-1.1904762 0.3736585 1.1488714
-1.1904762 0.4156098 1.1308937
-1.1904762 0.4575610 1.1143535
-1.1904762 0.4995122 1.0995073
-1.1904762 0.5414634 1.0865285
-1.1904762 0.5834146 1.0755178
-1.1904762 0.6253659 1.0665136
-1.1904762 0.6673171 1.0595020
-1.1904762 0.7092683 1.0544259
-1.1904762 0.7512195 1.0511935
-1.1904762 0.7931707 1.0496870
-1.1904762 0.8351220 1.0497713
-1.1904762 0.8770732 1.0513011
-1.1904762 0.9190244 1.0541285
-1.1904762 0.9609756 1.0581078
-1.1904762 1.0029268 1.0631003
-1.1904762 1.0448780 1.0689766
-1.1904762 1.0868293 1.0756185
-1.1904762 1.1287805 1.0829194
-1.1904762 1.1707317 1.0907842
-1.1904762 1.2126829 1.0991290
-1.1904762 1.2546341 1.1078801
-1.1904762 1.2965854 1.1169733
-1.1904762 1.3385366 1.1263524
-1.1904762 1.3804878 1.1359689
-1.1904762 1.4224390 1.1457806
-1.1904762 1.4643902 1.1557511
-1.1904762 1.5063415 1.1658488
-1.1904762 1.5482927 1.1760464
-1.1904762 1.5902439 1.1863205
-1.1904762 1.6321951 1.1966505
-1.1904762 1.6741463 1.2070189
-1.1904762 1.7160976 1.2174105
-1.1904762 1.7580488 1.2278120
-1.1904762 1.8000000 1.2382121
-1.1357143 0.0800000 1.0530270
-1.1357143 0.1219512 1.0434708
-1.1357143 0.1639024 1.0327020
-1.1357143 0.2058537 1.0211044
-1.1357143 0.2478049 1.0090873
-1.1357143 0.2897561 0.9970577
-1.1357143 0.3317073 0.9853989
-1.1357143 0.3736585 0.9744544
-1.1357143 0.4156098 0.9645190
-1.1357143 0.4575610 0.9558341
-1.1357143 0.4995122 0.9485879
-1.1357143 0.5414634 0.9429156
-1.1357143 0.5834146 0.9389013
-1.1357143 0.6253659 0.9365802
-1.1357143 0.6673171 0.9359414
-1.1357143 0.7092683 0.9369317
-1.1357143 0.7512195 0.9394622
-1.1357143 0.7931707 0.9434163
-1.1357143 0.8351220 0.9486591
-1.1357143 0.8770732 0.9550462
-1.1357143 0.9190244 0.9624322
-1.1357143 0.9609756 0.9706773
-1.1357143 1.0029268 0.9796510
-1.1357143 1.0448780 0.9892354
-1.1357143 1.0868293 0.9993254
-1.1357143 1.1287805 1.0098294
-1.1357143 1.1707317 1.0206679
-1.1357143 1.2126829 1.0317729
-1.1357143 1.2546341 1.0430864
-1.1357143 1.2965854 1.0545592
-1.1357143 1.3385366 1.0661498
-1.1357143 1.3804878 1.0778231
-1.1357143 1.4224390 1.0895497
-1.1357143 1.4643902 1.1013047
-1.1357143 1.5063415 1.1130673
-1.1357143 1.5482927 1.1248202
-1.1357143 1.5902439 1.1365487
-1.1357143 1.6321951 1.1482406
-1.1357143 1.6741463 1.1598859
-1.1357143 1.7160976 1.1714760
-1.1357143 1.7580488 1.1830040
-1.1357143 1.8000000 1.1944640
-1.0809524 0.0800000 0.9013080
-1.0809524 0.1219512 0.8929963
-1.0809524 0.1639024 0.8841973
-1.0809524 0.2058537 0.8752091
-1.0809524 0.2478049 0.8663396
-1.0809524 0.2897561 0.8578900
-1.0809524 0.3317073 0.8501405
-1.0809524 0.3736585 0.8433430
-1.0809524 0.4156098 0.8377154
-1.0809524 0.4575610 0.8334404
-1.0809524 0.4995122 0.8306635
-1.0809524 0.5414634 0.8294907
-1.0809524 0.5834146 0.8299849
-1.0809524 0.6253659 0.8321617
-1.0809524 0.6673171 0.8359872
-1.0809524 0.7092683 0.8413799
-1.0809524 0.7512195 0.8482171
-1.0809524 0.7931707 0.8563470
-1.0809524 0.8351220 0.8656015
-1.0809524 0.8770732 0.8758095
-1.0809524 0.9190244 0.8868072
-1.0809524 0.9609756 0.8984444
-1.0809524 1.0029268 0.9105883
-1.0809524 1.0448780 0.9231246
-1.0809524 1.0868293 0.9359563
-1.0809524 1.1287805 0.9490024
-1.0809524 1.1707317 0.9621962
-1.0809524 1.2126829 0.9754828
-1.0809524 1.2546341 0.9888176
-1.0809524 1.2965854 1.0021641
-1.0809524 1.3385366 1.0154932
-1.0809524 1.3804878 1.0287813
-1.0809524 1.4224390 1.0420094
-1.0809524 1.4643902 1.0551624
-1.0809524 1.5063415 1.0682286
-1.0809524 1.5482927 1.0811984
-1.0809524 1.5902439 1.0940648
-1.0809524 1.6321951 1.1068220
-1.0809524 1.6741463 1.1194661
-1.0809524 1.7160976 1.1319939
-1.0809524 1.7580488 1.1444035
-1.0809524 1.8000000 1.1566934
-1.0261905 0.0800000 0.7824658
-1.0261905 0.1219512 0.7744506
-1.0261905 0.1639024 0.7664307
-1.0261905 0.2058537 0.7586776
-1.0261905 0.2478049 0.7514577
-1.0261905 0.2897561 0.7450205
-1.0261905 0.3317073 0.7395925
-1.0261905 0.3736585 0.7353761
-1.0261905 0.4156098 0.7325503
-1.0261905 0.4575610 0.7312722
-1.0261905 0.4995122 0.7316743
-1.0261905 0.5414634 0.7338564
-1.0261905 0.5834146 0.7378722
-1.0261905 0.6253659 0.7437157
-1.0261905 0.6673171 0.7513117
-1.0261905 0.7092683 0.7605186
-1.0261905 0.7512195 0.7711440
-1.0261905 0.7931707 0.7829673
-1.0261905 0.8351220 0.7957633
-1.0261905 0.8770732 0.8093207
-1.0261905 0.9190244 0.8234520
-1.0261905 0.9609756 0.8379981
-1.0261905 1.0029268 0.8528282
-1.0261905 1.0448780 0.8678366
-1.0261905 1.0868293 0.8829395
-1.0261905 1.1287805 0.8980709
-1.0261905 1.1707317 0.9131798
-1.0261905 1.2126829 0.9282265
-1.0261905 1.2546341 0.9431809
-1.0261905 1.2965854 0.9580203
-1.0261905 1.3385366 0.9727275
-1.0261905 1.3804878 0.9872901
-1.0261905 1.4224390 1.0016991
-1.0261905 1.4643902 1.0159484
-1.0261905 1.5063415 1.0300341
-1.0261905 1.5482927 1.0439539
-1.0261905 1.5902439 1.0577070
-1.0261905 1.6321951 1.0712934
-1.0261905 1.6741463 1.0847142
-1.0261905 1.7160976 1.0979707
-1.0261905 1.7580488 1.1110649
-1.0261905 1.8000000 1.1239992
-0.9714286 0.0800000 0.6813198
-0.9714286 0.1219512 0.6731061
-0.9714286 0.1639024 0.6652997
-0.9714286 0.2058537 0.6581628
-0.9714286 0.2478049 0.6519326
-0.9714286 0.2897561 0.6468182
-0.9714286 0.3317073 0.6430052
-0.9714286 0.3736585 0.6406664
-0.9714286 0.4156098 0.6399713
-0.9714286 0.4575610 0.6410911
-0.9714286 0.4995122 0.6441895
-0.9714286 0.5414634 0.6493979
-0.9714286 0.5834146 0.6567754
-0.9714286 0.6253659 0.6662707
-0.9714286 0.6673171 0.6777085
-0.9714286 0.7092683 0.6908135
-0.9714286 0.7512195 0.7052598
-0.9714286 0.7931707 0.7207214
-0.9714286 0.8351220 0.7369072
-0.9714286 0.8770732 0.7535750
-0.9714286 0.9190244 0.7705333
-0.9714286 0.9609756 0.7876352
-0.9714286 1.0029268 0.8047702
-0.9714286 1.0448780 0.8218567
-0.9714286 1.0868293 0.8388353
-0.9714286 1.1287805 0.8556629
-0.9714286 1.1707317 0.8723095
-0.9714286 1.2126829 0.8887541
-0.9714286 1.2546341 0.9049831
-0.9714286 1.2965854 0.9209878
-0.9714286 1.3385366 0.9367639
-0.9714286 1.3804878 0.9523095
-0.9714286 1.4224390 0.9676252
-0.9714286 1.4643902 0.9827131
-0.9714286 1.5063415 0.9975762
-0.9714286 1.5482927 1.0122187
-0.9714286 1.5902439 1.0266450
-0.9714286 1.6321951 1.0408600
-0.9714286 1.6741463 1.0548687
-0.9714286 1.7160976 1.0686766
-0.9714286 1.7580488 1.0822886
-0.9714286 1.8000000 1.0957102
-0.9166667 0.0800000 0.5891793
-0.9166667 0.1219512 0.5804907
-0.9166667 0.1639024 0.5726499
-0.9166667 0.2058537 0.5658939
-0.9166667 0.2478049 0.5604073
-0.9166667 0.2897561 0.5563400
-0.9166667 0.3317073 0.5538350
-0.9166667 0.3736585 0.5530599
-0.9166667 0.4156098 0.5542337
-0.9166667 0.4575610 0.5576344
-0.9166667 0.4995122 0.5635673
-0.9166667 0.5414634 0.5722684
-0.9166667 0.5834146 0.5837671
-0.9166667 0.6253659 0.5978047
-0.9166667 0.6673171 0.6138939
-0.9166667 0.7092683 0.6314711
-0.9166667 0.7512195 0.6500252
-0.9166667 0.7931707 0.6691525
-0.9166667 0.8351220 0.6885577
-0.9166667 0.8770732 0.7080332
-0.9166667 0.9190244 0.7274369
-0.9166667 0.9609756 0.7466728
-0.9166667 1.0029268 0.7656773
-0.9166667 1.0448780 0.7844096
-0.9166667 1.0868293 0.8028445
-0.9166667 1.1287805 0.8209680
-0.9166667 1.1707317 0.8387735
-0.9166667 1.2126829 0.8562601
-0.9166667 1.2546341 0.8734303
-0.9166667 1.2965854 0.8902894
-0.9166667 1.3385366 0.9068441
-0.9166667 1.3804878 0.9231024
-0.9166667 1.4224390 0.9390729
-0.9166667 1.4643902 0.9547644
-0.9166667 1.5063415 0.9701860
-0.9166667 1.5482927 0.9853466
-0.9166667 1.5902439 1.0002551
-0.9166667 1.6321951 1.0149200
-0.9166667 1.6741463 1.0293496
-0.9166667 1.7160976 1.0435521
-0.9166667 1.7580488 1.0575349
-0.9166667 1.8000000 1.0713056
-0.8619048 0.0800000 0.4994594
-0.8619048 0.1219512 0.4902534
-0.8619048 0.1639024 0.4824444
-0.8619048 0.2058537 0.4761647
-0.8619048 0.2478049 0.4714681
-0.8619048 0.2897561 0.4683970
-0.8619048 0.3317073 0.4670521
-0.8619048 0.3736585 0.4676697
-0.8619048 0.4156098 0.4707137
-0.8619048 0.4575610 0.4769349
-0.8619048 0.4995122 0.4871848
-0.8619048 0.5414634 0.5017701
-0.8619048 0.5834146 0.5199688
-0.8619048 0.6253659 0.5405165
-0.8619048 0.6673171 0.5623177
-0.8619048 0.7092683 0.5846514
-0.8619048 0.7512195 0.6070869
-0.8619048 0.7931707 0.6293733
-0.8619048 0.8351220 0.6513652
-0.8619048 0.8770732 0.6729797
-0.8619048 0.9190244 0.6941715
-0.8619048 0.9609756 0.7149189
-0.8619048 1.0029268 0.7352147
-0.8619048 1.0448780 0.7550611
-0.8619048 1.0868293 0.7744662
-0.8619048 1.1287805 0.7934417
-0.8619048 1.1707317 0.8120016
-0.8619048 1.2126829 0.8301608
-0.8619048 1.2546341 0.8479348
-0.8619048 1.2965854 0.8653393
-0.8619048 1.3385366 0.8823895
-0.8619048 1.3804878 0.8991004
-0.8619048 1.4224390 0.9154861
-0.8619048 1.4643902 0.9315604
-0.8619048 1.5063415 0.9473363
-0.8619048 1.5482927 0.9628260
-0.8619048 1.5902439 0.9780413
-0.8619048 1.6321951 0.9929931
-0.8619048 1.6741463 1.0076917
-0.8619048 1.7160976 1.0221471
-0.8619048 1.7580488 1.0363684
-0.8619048 1.8000000 1.0503642
-0.8071429 0.0800000 0.4057732
-0.8071429 0.1219512 0.3965202
-0.8071429 0.1639024 0.3893796
-0.8071429 0.2058537 0.3841674
-0.8071429 0.2478049 0.3806496
-0.8071429 0.2897561 0.3786576
-0.8071429 0.3317073 0.3781803
-0.8071429 0.3736585 0.3796043
-0.8071429 0.4156098 0.3848278
-0.8071429 0.4575610 0.3994505
-0.8071429 0.4995122 0.4231651
-0.8071429 0.5414634 0.4495726
-0.8071429 0.5834146 0.4763306
-0.8071429 0.6253659 0.5027901
-0.8071429 0.6673171 0.5287197
-0.8071429 0.7092683 0.5540247
-0.8071429 0.7512195 0.5786681
-0.8071429 0.7931707 0.6026425
-0.8071429 0.8351220 0.6259565
-0.8071429 0.8770732 0.6486281
-0.8071429 0.9190244 0.6706805
-0.8071429 0.9609756 0.6921397
-0.8071429 1.0029268 0.7130330
-0.8071429 1.0448780 0.7333875
-0.8071429 1.0868293 0.7532302
-0.8071429 1.1287805 0.7725870
-0.8071429 1.1707317 0.7914826
-0.8071429 1.2126829 0.8099405
-0.8071429 1.2546341 0.8279827
-0.8071429 1.2965854 0.8456300
-0.8071429 1.3385366 0.8629018
-0.8071429 1.3804878 0.8798163
-0.8071429 1.4224390 0.8963904
-0.8071429 1.4643902 0.9126400
-0.8071429 1.5063415 0.9285797
-0.8071429 1.5482927 0.9442234
-0.8071429 1.5902439 0.9595838
-0.8071429 1.6321951 0.9746729
-0.8071429 1.6741463 0.9895020
-0.8071429 1.7160976 1.0040816
-0.8071429 1.7580488 1.0184213
-0.8071429 1.8000000 1.0325304
-0.7523810 0.0800000 0.3021190
-0.7523810 0.1219512 0.2950533
-0.7523810 0.1639024 0.2912935
-0.7523810 0.2058537 0.2902079
-0.7523810 0.2478049 0.2915519
-0.7523810 0.2897561 0.2958571
-0.7523810 0.3317073 0.3054640
-0.7523810 0.3736585 0.3240154
-0.7523810 0.4156098 0.3494957
-0.7523810 0.4575610 0.3774214
-0.7523810 0.4995122 0.4057994
-0.7523810 0.5414634 0.4339131
-0.7523810 0.5834146 0.4614720
-0.7523810 0.6253659 0.4883497
-0.7523810 0.6673171 0.5144944
-0.7523810 0.7092683 0.5398931
-0.7523810 0.7512195 0.5645542
-0.7523810 0.7931707 0.5884981
-0.7523810 0.8351220 0.6117520
-0.7523810 0.8770732 0.6343466
-0.7523810 0.9190244 0.6563136
-0.7523810 0.9609756 0.6776851
-0.7523810 1.0029268 0.6984922
-0.7523810 1.0448780 0.7187651
-0.7523810 1.0868293 0.7385321
-0.7523810 1.1287805 0.7578201
-0.7523810 1.1707317 0.7766544
-0.7523810 1.2126829 0.7950585
-0.7523810 1.2546341 0.8130544
-0.7523810 1.2965854 0.8306626
-0.7523810 1.3385366 0.8479021
-0.7523810 1.3804878 0.8647906
-0.7523810 1.4224390 0.8813445
-0.7523810 1.4643902 0.8975793
-0.7523810 1.5063415 0.9135091
-0.7523810 1.5482927 0.9291473
-0.7523810 1.5902439 0.9445062
-0.7523810 1.6321951 0.9595974
-0.7523810 1.6741463 0.9744317
-0.7523810 1.7160976 0.9890192
-0.7523810 1.7580488 1.0033695
-0.7523810 1.8000000 1.0174913
-0.6976190 0.0800000 0.2012747
-0.6976190 0.1219512 0.2064892
-0.6976190 0.1639024 0.2190310
-0.6976190 0.2058537 0.2368103
-0.6976190 0.2478049 0.2582033
-0.6976190 0.2897561 0.2820304
-0.6976190 0.3317073 0.3074013
-0.6976190 0.3736585 0.3336449
-0.6976190 0.4156098 0.3602702
-0.6976190 0.4575610 0.3869290
-0.6976190 0.4995122 0.4133816
-0.6976190 0.5414634 0.4394680
-0.6976190 0.5834146 0.4650854
-0.6976190 0.6253659 0.4901714
-0.6976190 0.6673171 0.5146915
-0.6976190 0.7092683 0.5386311
-0.6976190 0.7512195 0.5619888
-0.6976190 0.7931707 0.5847720
-0.6976190 0.8351220 0.6069941
-0.6976190 0.8770732 0.6286722
-0.6976190 0.9190244 0.6498257
-0.6976190 0.9609756 0.6704749
-0.6976190 1.0029268 0.6906407
-0.6976190 1.0448780 0.7103436
-0.6976190 1.0868293 0.7296038
-0.6976190 1.1287805 0.7484410
-0.6976190 1.1707317 0.7668739
-0.6976190 1.2126829 0.7849203
-0.6976190 1.2546341 0.8025971
-0.6976190 1.2965854 0.8199206
-0.6976190 1.3385366 0.8369057
-0.6976190 1.3804878 0.8535668
-0.6976190 1.4224390 0.8699174
-0.6976190 1.4643902 0.8859701
-0.6976190 1.5063415 0.9017369
-0.6976190 1.5482927 0.9172289
-0.6976190 1.5902439 0.9324568
-0.6976190 1.6321951 0.9474306
-0.6976190 1.6741463 0.9621595
-0.6976190 1.7160976 0.9766524
-0.6976190 1.7580488 0.9909177
-0.6976190 1.8000000 1.0049633
-0.6428571 0.0800000 0.3068065
-0.6428571 0.1219512 0.3243395
-0.6428571 0.1639024 0.3364348
-0.6428571 0.2058537 0.3440048
-0.6428571 0.2478049 0.3483256
-0.6428571 0.2897561 0.3509079
-0.6428571 0.3317073 0.3542795
-0.6428571 0.3736585 0.3656456
-0.6428571 0.4156098 0.3868517
-0.6428571 0.4575610 0.4103550
-0.6428571 0.4995122 0.4339752
-0.6428571 0.5414634 0.4573091
-0.6428571 0.5834146 0.4802661
-0.6428571 0.6253659 0.5028264
-0.6428571 0.6673171 0.5249886
-0.6428571 0.7092683 0.5467556
-0.6428571 0.7512195 0.5681310
-0.6428571 0.7931707 0.5891186
-0.6428571 0.8351220 0.6097226
-0.6428571 0.8770732 0.6299475
-0.6428571 0.9190244 0.6497988
-0.6428571 0.9609756 0.6692827
-0.6428571 1.0029268 0.6884062
-0.6428571 1.0448780 0.7071769
-0.6428571 1.0868293 0.7256030
-0.6428571 1.1287805 0.7436934
-0.6428571 1.1707317 0.7614568
-0.6428571 1.2126829 0.7789025
-0.6428571 1.2546341 0.7960396
-0.6428571 1.2965854 0.8128774
-0.6428571 1.3385366 0.8294250
-0.6428571 1.3804878 0.8456913
-0.6428571 1.4224390 0.8616851
-0.6428571 1.4643902 0.8774148
-0.6428571 1.5063415 0.8928889
-0.6428571 1.5482927 0.9081152
-0.6428571 1.5902439 0.9231015
-0.6428571 1.6321951 0.9378552
-0.6428571 1.6741463 0.9523836
-0.6428571 1.7160976 0.9666934
-0.6428571 1.7580488 0.9807912
-0.6428571 1.8000000 0.9946835
-0.5880952 0.0800000 0.9298432
-0.5880952 0.1219512 0.8902887
-0.5880952 0.1639024 0.8385333
-0.5880952 0.2058537 0.7847969
-0.5880952 0.2478049 0.7341538
-0.5880952 0.2897561 0.6886664
-0.5880952 0.3317073 0.6489098
-0.5880952 0.3736585 0.6148100
-0.5880952 0.4156098 0.5860736
-0.5880952 0.4575610 0.5624432
-0.5880952 0.4995122 0.5439657
-0.5880952 0.5414634 0.5315469
-0.5880952 0.5834146 0.5277825
-0.5880952 0.6253659 0.5345484
-0.5880952 0.6673171 0.5482892
-0.5880952 0.7092683 0.5649195
-0.5880952 0.7512195 0.5826352
-0.5880952 0.7931707 0.6007487
-0.5880952 0.8351220 0.6189695
-0.5880952 0.8770732 0.6371574
-0.5880952 0.9190244 0.6552365
-0.5880952 0.9609756 0.6731618
-0.5880952 1.0029268 0.6909050
-0.5880952 1.0448780 0.7084475
-0.5880952 1.0868293 0.7257768
-0.5880952 1.1287805 0.7428847
-0.5880952 1.1707317 0.7597662
-0.5880952 1.2126829 0.7764184
-0.5880952 1.2546341 0.7928401
-0.5880952 1.2965854 0.8090317
-0.5880952 1.3385366 0.8249945
-0.5880952 1.3804878 0.8407306
-0.5880952 1.4224390 0.8562428
-0.5880952 1.4643902 0.8715344
-0.5880952 1.5063415 0.8866090
-0.5880952 1.5482927 0.9014707
-0.5880952 1.5902439 0.9161235
-0.5880952 1.6321951 0.9305718
-0.5880952 1.6741463 0.9448198
-0.5880952 1.7160976 0.9588719
-0.5880952 1.7580488 0.9727326
-0.5880952 1.8000000 0.9864061
-0.5333333 0.0800000 0.7073226
-0.5333333 0.1219512 0.8174684
-0.5333333 0.1639024 0.9634173
-0.5333333 0.2058537 1.1753345
-0.5333333 0.2478049 1.5709161
-0.5333333 0.2897561 1.9748397
-0.5333333 0.3317073 1.3432433
-0.5333333 0.3736585 1.1114860
-0.5333333 0.4156098 0.9724751
-0.5333333 0.4575610 0.8763514
-0.5333333 0.4995122 0.8052447
-0.5333333 0.5414634 0.7507120
-0.5333333 0.5834146 0.7081699
-0.5333333 0.6253659 0.6750242
-0.5333333 0.6673171 0.6500456
-0.5333333 0.7092683 0.6333879
-0.5333333 0.7512195 0.6264882
-0.5333333 0.7931707 0.6295396
-0.5333333 0.8351220 0.6393040
-0.5333333 0.8770732 0.6523851
-0.5333333 0.9190244 0.6669966
-0.5333333 0.9609756 0.6823354
-0.5333333 1.0029268 0.6980219
-0.5333333 1.0448780 0.7138592
-0.5333333 1.0868293 0.7297352
-0.5333333 1.1287805 0.7455816
-0.5333333 1.1707317 0.7613536
-0.5333333 1.2126829 0.7770211
-0.5333333 1.2546341 0.7925628
-0.5333333 1.2965854 0.8079638
-0.5333333 1.3385366 0.8232131
-0.5333333 1.3804878 0.8383031
-0.5333333 1.4224390 0.8532285
-0.5333333 1.4643902 0.8679856
-0.5333333 1.5063415 0.8825722
-0.5333333 1.5482927 0.8969872
-0.5333333 1.5902439 0.9112305
-0.5333333 1.6321951 0.9253023
-0.5333333 1.6741463 0.9392039
-0.5333333 1.7160976 0.9529364
-0.5333333 1.7580488 0.9665019
-0.5333333 1.8000000 0.9799022
-0.4785714 0.0800000 0.4564773
-0.4785714 0.1219512 0.5107730
-0.4785714 0.1639024 0.5777574
-0.4785714 0.2058537 0.6602598
-0.4785714 0.2478049 0.7616576
-0.4785714 0.2897561 0.8886950
-0.4785714 0.3317073 1.0568989
-0.4785714 0.3736585 1.3097131
-0.4785714 0.4156098 1.8789949
-0.4785714 0.4575610 1.7063285
-0.4785714 0.4995122 1.3038349
-0.4785714 0.5414634 1.1139680
-0.4785714 0.5834146 0.9935793
-0.4785714 0.6253659 0.9083514
-0.4785714 0.6673171 0.8445859
-0.4785714 0.7092683 0.7955098
-0.4785714 0.7512195 0.7574560
-0.4785714 0.7931707 0.7285646
-0.4785714 0.8351220 0.7084104
-0.4785714 0.8770732 0.6976943
-0.4785714 0.9190244 0.6965307
-0.4785714 0.9609756 0.7025615
-0.4785714 1.0029268 0.7126799
-0.4785714 1.0448780 0.7248912
-0.4785714 1.0868293 0.7381865
-0.4785714 1.1287805 0.7520621
-0.4785714 1.1707317 0.7662503
-0.4785714 1.2126829 0.7805980
-0.4785714 1.2546341 0.7950114
-0.4785714 1.2965854 0.8094297
-0.4785714 1.3385366 0.8238118
-0.4785714 1.3804878 0.8381285
-0.4785714 1.4224390 0.8523590
-0.4785714 1.4643902 0.8664879
-0.4785714 1.5063415 0.8805038
-0.4785714 1.5482927 0.8943982
-0.4785714 1.5902439 0.9081648
-0.4785714 1.6321951 0.9217989
-0.4785714 1.6741463 0.9352975
-0.4785714 1.7160976 0.9486581
-0.4785714 1.7580488 0.9618795
-0.4785714 1.8000000 0.9749610
-0.4238095 0.0800000 0.4272850
-0.4238095 0.1219512 0.4488012
-0.4238095 0.1639024 0.4766425
-0.4238095 0.2058537 0.5173043
-0.4238095 0.2478049 0.5753158
-0.4238095 0.2897561 0.6496534
-0.4238095 0.3317073 0.7396962
-0.4238095 0.3736585 0.8485526
-0.4238095 0.4156098 0.9845905
-0.4238095 0.4575610 1.1674375
-0.4238095 0.4995122 1.4561400
-0.4238095 0.5414634 2.3449102
-0.4238095 0.5834146 1.6299930
-0.4238095 0.6253659 1.3099338
-0.4238095 0.6673171 1.1414569
-0.4238095 0.7092683 1.0306622
-0.4238095 0.7512195 0.9507148
-0.4238095 0.7931707 0.8901989
-0.4238095 0.8351220 0.8433125
-0.4238095 0.8770732 0.8069240
-0.4238095 0.9190244 0.7795412
-0.4238095 0.9609756 0.7609325
-0.4238095 1.0029268 0.7515026
-0.4238095 1.0448780 0.7506433
-0.4238095 1.0868293 0.7559687
-0.4238095 1.1287805 0.7649213
-0.4238095 1.1707317 0.7758561
-0.4238095 1.2126829 0.7878870
-0.4238095 1.2546341 0.8005425
-0.4238095 1.2965854 0.8135596
-0.4238095 1.3385366 0.8267827
-0.4238095 1.3804878 0.8401144
-0.4238095 1.4224390 0.8534901
-0.4238095 1.4643902 0.8668660
-0.4238095 1.5063415 0.8802105
-0.4238095 1.5482927 0.8935009
-0.4238095 1.5902439 0.9067201
-0.4238095 1.6321951 0.9198553
-0.4238095 1.6741463 0.9328969
-0.4238095 1.7160976 0.9458373
-0.4238095 1.7580488 0.9586709
-0.4238095 1.8000000 0.9713934
-0.3690476 0.0800000 0.4510088
-0.3690476 0.1219512 0.4610087
-0.3690476 0.1639024 0.4717178
-0.3690476 0.2058537 0.4837101
-0.3690476 0.2478049 0.5007320
-0.3690476 0.2897561 0.5400734
-0.3690476 0.3317073 0.6034105
-0.3690476 0.3736585 0.6790021
-0.3690476 0.4156098 0.7665732
-0.3690476 0.4575610 0.8696998
-0.3690476 0.4995122 0.9956120
-0.3690476 0.5414634 1.1593749
-0.3690476 0.5834146 1.4003754
-0.3690476 0.6253659 1.9047208
-0.3690476 0.6673171 1.8945909
-0.3690476 0.7092683 1.4449662
-0.3690476 0.7512195 1.2436187
-0.3690476 0.7931707 1.1172652
-0.3690476 0.8351220 1.0279155
-0.3690476 0.8770732 0.9608645
-0.3690476 0.9190244 0.9089661
-0.3690476 0.9609756 0.8683816
-0.3690476 1.0029268 0.8371001
-0.3690476 1.0448780 0.8143741
-0.3690476 1.0868293 0.8002828
-0.3690476 1.1287805 0.7946956
-0.3690476 1.1707317 0.7961117
-0.3690476 1.2126829 0.8021858
-0.3690476 1.2546341 0.8110005
-0.3690476 1.2965854 0.8213866
-0.3690476 1.3385366 0.8326914
-0.3690476 1.3804878 0.8445471
-0.3690476 1.4224390 0.8567371
-0.3690476 1.4643902 0.8691278
-0.3690476 1.5063415 0.8816324
-0.3690476 1.5482927 0.8941922
-0.3690476 1.5902439 0.9067662
-0.3690476 1.6321951 0.9193245
-0.3690476 1.6741463 0.9318454
-0.3690476 1.7160976 0.9443123
-0.3690476 1.7580488 0.9567126
-0.3690476 1.8000000 0.9690365
-0.3142857 0.0800000 0.4794080
-0.3142857 0.1219512 0.4864873
-0.3142857 0.1639024 0.4942268
-0.3142857 0.2058537 0.5024595
-0.3142857 0.2478049 0.5111274
-0.3142857 0.2897561 0.5203836
-0.3142857 0.3317073 0.5346436
-0.3142857 0.3736585 0.5889693
-0.3142857 0.4156098 0.6560544
-0.3142857 0.4575610 0.7318224
-0.3142857 0.4995122 0.8185368
-0.3142857 0.5414634 0.9202087
-0.3142857 0.5834146 1.0440061
-0.3142857 0.6253659 1.2044618
-0.3142857 0.6673171 1.4388026
-0.3142857 0.7092683 1.9137181
-0.3142857 0.7512195 1.9901964
-0.3142857 0.7931707 1.5096792
-0.3142857 0.8351220 1.3014358
-0.3142857 0.8770732 1.1715448
-0.3142857 0.9190244 1.0797665
-0.3142857 0.9609756 1.0107852
-0.3142857 1.0029268 0.9572143
-0.3142857 1.0448780 0.9150807
-0.3142857 1.0868293 0.8822464
-0.3142857 1.1287805 0.8577814
-0.3142857 1.1707317 0.8415504
-0.3142857 1.2126829 0.8334443
-0.3142857 1.2546341 0.8323801
-0.3142857 1.2965854 0.8363687
-0.3142857 1.3385366 0.8435246
-0.3142857 1.3804878 0.8525719
-0.3142857 1.4224390 0.8627543
-0.3142857 1.4643902 0.8736332
-0.3142857 1.5063415 0.8849474
-0.3142857 1.5482927 0.8965353
-0.3142857 1.5902439 0.9082922
-0.3142857 1.6321951 0.9201479
-0.3142857 1.6741463 0.9320534
-0.3142857 1.7160976 0.9439735
-0.3142857 1.7580488 0.9558824
-0.3142857 1.8000000 0.9677606
-0.2595238 0.0800000 0.5039358
-0.2595238 0.1219512 0.5102011
-0.2595238 0.1639024 0.5173799
-0.2595238 0.2058537 0.5253648
-0.2595238 0.2478049 0.5342001
-0.2595238 0.2897561 0.5441992
-0.2595238 0.3317073 0.5564096
-0.2595238 0.3736585 0.5744982
-0.2595238 0.4156098 0.6078971
-0.2595238 0.4575610 0.6599446
-0.2595238 0.4995122 0.7244373
-0.2595238 0.5414634 0.7994476
-0.2595238 0.5834146 0.8865354
-0.2595238 0.6253659 0.9897076
-0.2595238 0.6673171 1.1167168
-0.2595238 0.7092683 1.2839469
-0.2595238 0.7512195 1.5357938
-0.2595238 0.7931707 2.1100699
-0.2595238 0.8351220 1.9170586
-0.2595238 0.8770732 1.5154915
-0.2595238 0.9190244 1.3231972
-0.2595238 0.9609756 1.1997150
-0.2595238 1.0029268 1.1111223
-0.2595238 1.0448780 1.0438638
-0.2595238 1.0868293 0.9912411
-0.2595238 1.1287805 0.9496021
-0.2595238 1.1707317 0.9169606
-0.2595238 1.2126829 0.8924170
-0.2595238 1.2546341 0.8757586
-0.2595238 1.2965854 0.8668001
-0.2595238 1.3385366 0.8645809
-0.2595238 1.3804878 0.8673632
-0.2595238 1.4224390 0.8734129
-0.2595238 1.4643902 0.8814834
-0.2595238 1.5063415 0.8907993
-0.2595238 1.5482927 0.9008959
-0.2595238 1.5902439 0.9114911
-0.2595238 1.6321951 0.9224082
-0.2595238 1.6741463 0.9335321
-0.2595238 1.7160976 0.9447854
-0.2595238 1.7580488 0.9561140
-0.2595238 1.8000000 0.9674792
-0.2047619 0.0800000 0.5246094
-0.2047619 0.1219512 0.5307352
-0.2047619 0.1639024 0.5379126
-0.2047619 0.2058537 0.5460356
-0.2047619 0.2478049 0.5551226
-0.2047619 0.2897561 0.5653633
-0.2047619 0.3317073 0.5772413
-0.2047619 0.3736585 0.5918407
-0.2047619 0.4156098 0.6114822
-0.2047619 0.4575610 0.6401934
-0.2047619 0.4995122 0.6815190
-0.2047619 0.5414634 0.7353783
-0.2047619 0.5834146 0.8004017
-0.2047619 0.6253659 0.8767394
-0.2047619 0.6673171 0.9665710
-0.2047619 0.7092683 1.0746651
-0.2047619 0.7512195 1.2105497
-0.2047619 0.7931707 1.3957377
-0.2047619 0.8351220 1.6968948
-0.2047619 0.8770732 2.9001772
-0.2047619 0.9190244 1.7871540
-0.2047619 0.9609756 1.4857418
-0.2047619 1.0029268 1.3203001
-0.2047619 1.0448780 1.2089665
-0.2047619 1.0868293 1.1271047
-0.2047619 1.1287805 1.0640094
-0.2047619 1.1707317 1.0141585
-0.2047619 1.2126829 0.9744810
-0.2047619 1.2546341 0.9433059
-0.2047619 1.2965854 0.9198839
-0.2047619 1.3385366 0.9040000
-0.2047619 1.3804878 0.8953666
-0.2047619 1.4224390 0.8930058
-0.2047619 1.4643902 0.8953316
-0.2047619 1.5063415 0.9007876
-0.2047619 1.5482927 0.9082314
-0.2047619 1.5902439 0.9169303
-0.2047619 1.6321951 0.9264324
-0.2047619 1.6741463 0.9364573
-0.2047619 1.7160976 0.9468265
-0.2047619 1.7580488 0.9574224
-0.2047619 1.8000000 0.9681651
-0.1500000 0.0800000 0.5425615
-0.1500000 0.1219512 0.5488043
-0.1500000 0.1639024 0.5561707
-0.1500000 0.2058537 0.5645343
-0.1500000 0.2478049 0.5738729
-0.1500000 0.2897561 0.5842844
-0.1500000 0.3317073 0.5960288
-0.1500000 0.3736585 0.6096168
-0.1500000 0.4156098 0.6259755
-0.1500000 0.4575610 0.6466818
-0.1500000 0.4995122 0.6740360
-0.1500000 0.5414634 0.7104165
-0.1500000 0.5834146 0.7571104
-0.1500000 0.6253659 0.8142991
-0.1500000 0.6673171 0.8822773
-0.1500000 0.7092683 0.9624562
-0.1500000 0.7512195 1.0580847
-0.1500000 0.7931707 1.1755856
-0.1500000 0.8351220 1.3282920
-0.1500000 0.8770732 1.5498324
-0.1500000 0.9190244 1.9793002
-0.1500000 0.9609756 2.2109265
-0.1500000 1.0029268 1.6628640
-0.1500000 1.0448780 1.4404722
-0.1500000 1.0868293 1.3030098
-0.1500000 1.1287805 1.2057881
-0.1500000 1.1707317 1.1323106
-0.1500000 1.2126829 1.0747163
-0.1500000 1.2546341 1.0287514
-0.1500000 1.2965854 0.9920084
-0.1500000 1.3385366 0.9631971
-0.1500000 1.3804878 0.9417635
-0.1500000 1.4224390 0.9275037
-0.1500000 1.4643902 0.9199993
-0.1500000 1.5063415 0.9181965
-0.1500000 1.5482927 0.9206155
-0.1500000 1.5902439 0.9258816
-0.1500000 1.6321951 0.9329910
-0.1500000 1.6741463 0.9412888
-0.1500000 1.7160976 0.9503620
-0.1500000 1.7580488 0.9599488
-0.1500000 1.8000000 0.9698795
-0.0952381 0.0800000 0.5587668
-0.0952381 0.1219512 0.5652335
-0.0952381 0.1639024 0.5728614
-0.0952381 0.2058537 0.5815005
-0.0952381 0.2478049 0.5910929
-0.0952381 0.2897561 0.6016773
-0.0952381 0.3317073 0.6134010
-0.0952381 0.3736585 0.6265520
-0.0952381 0.4156098 0.6416174
-0.0952381 0.4575610 0.6593722
-0.0952381 0.4995122 0.6809738
-0.0952381 0.5414634 0.7079644
-0.0952381 0.5834146 0.7420203
-0.0952381 0.6253659 0.7844956
-0.0952381 0.6673171 0.8362348
-0.0952381 0.7092683 0.8979653
-0.0952381 0.7512195 0.9709657
-0.0952381 0.7931707 1.0577701
-0.0952381 0.8351220 1.1632124
-0.0952381 0.8770732 1.2968365
-0.0952381 0.9190244 1.4802794
-0.0952381 0.9609756 1.7810264
-0.0952381 1.0029268 3.0398714
-0.0952381 1.0448780 1.8592234
-0.0952381 1.0868293 1.5580719
-0.0952381 1.1287805 1.3914547
-0.0952381 1.1707317 1.2786351
-0.0952381 1.2126829 1.1951788
-0.0952381 1.2546341 1.1304312
-0.0952381 1.2965854 1.0788664
-0.0952381 1.3385366 1.0373659
-0.0952381 1.3804878 1.0041559
-0.0952381 1.4224390 0.9783221
-0.0952381 1.4643902 0.9594922
-0.0952381 1.5063415 0.9474360
-0.0952381 1.5482927 0.9415705
-0.0952381 1.5902439 0.9407581
-0.0952381 1.6321951 0.9436255
-0.0952381 1.6741463 0.9489821
-0.0952381 1.7160976 0.9559744
-0.0952381 1.7580488 0.9640404
-0.0952381 1.8000000 0.9728197
-0.0404762 0.0800000 0.5739173
-0.0404762 0.1219512 0.5806575
-0.0404762 0.1639024 0.5885761
-0.0404762 0.2058537 0.5974999
-0.0404762 0.2478049 0.6073439
-0.0404762 0.2897561 0.6181069
-0.0404762 0.3317073 0.6298719
-0.0404762 0.3736585 0.6428167
-0.0404762 0.4156098 0.6572365
-0.0404762 0.4575610 0.6735828
-0.0404762 0.4995122 0.6925121
-0.0404762 0.5414634 0.7149286
-0.0404762 0.5834146 0.7419759
-0.0404762 0.6253659 0.7749252
-0.0404762 0.6673171 0.8149809
-0.0404762 0.7092683 0.8631680
-0.0404762 0.7512195 0.9204732
-0.0404762 0.7931707 0.9882302
-0.0404762 0.8351220 1.0686761
-0.0404762 0.8770732 1.1658145
-0.0404762 0.9190244 1.2872161
-0.0404762 0.9609756 1.4489692
-0.0404762 1.0029268 1.6947137
-0.0404762 1.0448780 2.2548297
-0.0404762 1.0868293 2.0802495
-0.0404762 1.1287805 1.6693577
-0.0404762 1.1707317 1.4719995
-0.0404762 1.2126829 1.3442461
-0.0404762 1.2546341 1.2516928
-0.0404762 1.2965854 1.1806196
-0.0404762 1.3385366 1.1242196
-0.0404762 1.3804878 1.0787118
-0.0404762 1.4224390 1.0419043
-0.0404762 1.4643902 1.0125721
-0.0404762 1.5063415 0.9901273
-0.0404762 1.5482927 0.9743172
-0.0404762 1.5902439 0.9648165
-0.0404762 1.6321951 0.9608580
-0.0404762 1.6741463 0.9612546
-0.0404762 1.7160976 0.9647642
-0.0404762 1.7580488 0.9703820
-0.0404762 1.8000000 0.9774023
0.0142857 0.0800000 0.5884857
0.0142857 0.1219512 0.5955285
0.0142857 0.1639024 0.6037511
0.0142857 0.2058537 0.6129595
0.0142857 0.2478049 0.6230485
0.0142857 0.2897561 0.6339905
0.0142857 0.3317073 0.6458293
0.0142857 0.3736585 0.6586802
0.0142857 0.4156098 0.6727386
0.0142857 0.4575610 0.6882979
0.0142857 0.4995122 0.7057745
0.0142857 0.5414634 0.7257368
0.0142857 0.5834146 0.7489274
0.0142857 0.6253659 0.7762562
0.0142857 0.6673171 0.8087484
0.0142857 0.7092683 0.8474598
0.0142857 0.7512195 0.8934277
0.0142857 0.7931707 0.9477477
0.0142857 0.8351220 1.0118178
0.0142857 0.8770732 1.0877647
0.0142857 0.9190244 1.1791681
0.0142857 0.9609756 1.2925370
0.0142857 1.0029268 1.4411131
0.0142857 1.0448780 1.6580919
0.0142857 1.0868293 2.0794467
0.0142857 1.1287805 2.3295952
0.0142857 1.1707317 1.7687513
0.0142857 1.2126829 1.5420212
0.0142857 1.2546341 1.4012268
0.0142857 1.2965854 1.3010261
0.0142857 1.3385366 1.2247338
0.0142857 1.3804878 1.1643876
0.0142857 1.4224390 1.1156405
0.0142857 1.4643902 1.0759613
0.0142857 1.5063415 1.0438798
0.0142857 1.5482927 1.0186173
0.0142857 1.5902439 0.9998274
0.0142857 1.6321951 0.9872791
0.0142857 1.6741463 0.9804802
0.0142857 1.7160976 0.9784981
0.0142857 1.7580488 0.9801603
0.0142857 1.8000000 0.9843853
0.0690476 0.0800000 0.6027984
0.0690476 0.1219512 0.6101664
0.0690476 0.1639024 0.6187010
0.0690476 0.2058537 0.6281908
0.0690476 0.2478049 0.6385162
0.0690476 0.2897561 0.6496330
0.0690476 0.3317073 0.6615605
0.0690476 0.3736585 0.6743763
0.0690476 0.4156098 0.6882184
0.0690476 0.4575610 0.7032923
0.0690476 0.4995122 0.7198850
0.0690476 0.5414634 0.7383827
0.0690476 0.5834146 0.7592893
0.0690476 0.6253659 0.7832393
0.0690476 0.6673171 0.8109963
0.0690476 0.7092683 0.8434301
0.0690476 0.7512195 0.8814827
0.0690476 0.7931707 0.9261592
0.0690476 0.8351220 0.9785921
0.0690476 0.8770732 1.0402237
0.0690476 0.9190244 1.1131527
0.0690476 0.9609756 1.2007646
0.0690476 1.0029268 1.3090275
0.0690476 1.0448780 1.4497331
0.0690476 1.0868293 1.6511453
0.0690476 1.1287805 2.0162721
0.0690476 1.1707317 2.5956830
0.0690476 1.2126829 1.8493260
0.0690476 1.2546341 1.5989876
0.0690476 1.2965854 1.4483920
0.0690476 1.3385366 1.3425420
0.0690476 1.3804878 1.2623919
0.0690476 1.4224390 1.1991063
0.0690476 1.4643902 1.1479239
0.0690476 1.5063415 1.1060710
0.0690476 1.5482927 1.0719025
0.0690476 1.5902439 1.0444961
0.0690476 1.6321951 1.0234075
0.0690476 1.6741463 1.0084171
0.0690476 1.7160976 0.9992014
0.0690476 1.7580488 0.9950646
0.0690476 1.8000000 0.9949749
0.1238095 0.0800000 0.6170877
0.1238095 0.1219512 0.6248031
0.1238095 0.1639024 0.6336566
0.1238095 0.2058537 0.6434231
0.1238095 0.2478049 0.6539750
0.1238095 0.2897561 0.6652588
0.1238095 0.3317073 0.6772791
0.1238095 0.3736585 0.6900909
0.1238095 0.4156098 0.7037964
0.1238095 0.4575610 0.7185488
0.1238095 0.4995122 0.7345588
0.1238095 0.5414634 0.7521059
0.1238095 0.5834146 0.7715515
0.1238095 0.6253659 0.7933521
0.1238095 0.6673171 0.8180689
0.1238095 0.7092683 0.8463705
0.1238095 0.7512195 0.8790259
0.1238095 0.7931707 0.9168982
0.1238095 0.8351220 0.9609585
0.1238095 0.8770732 1.0123526
0.1238095 0.9190244 1.0725593
0.1238095 0.9609756 1.1436966
0.1238095 1.0029268 1.2291017
0.1238095 1.0448780 1.3345426
0.1238095 1.0868293 1.4712262
0.1238095 1.1287805 1.6654513
0.1238095 1.1707317 2.0085949
0.1238095 1.2126829 2.8063031
0.1238095 1.2546341 1.9045913
0.1238095 1.2965854 1.6410340
0.1238095 1.3385366 1.4849895
0.1238095 1.3804878 1.3758902
0.1238095 1.4224390 1.2934168
0.1238095 1.4643902 1.2282738
0.1238095 1.5063415 1.1754816
0.1238095 1.5482927 1.1321346
0.1238095 1.5902439 1.0964861
0.1238095 1.6321951 1.0675218
0.1238095 1.6741463 1.0447217
0.1238095 1.7160976 1.0278486
0.1238095 1.7580488 1.0166729
0.1238095 1.8000000 1.0106857
0.1785714 0.0800000 0.6315284
0.1785714 0.1219512 0.6396142
0.1785714 0.1639024 0.6487921
0.1785714 0.2058537 0.6588292
0.1785714 0.2478049 0.6695959
0.1785714 0.2897561 0.6810358
0.1785714 0.3317073 0.6931463
0.1785714 0.3736585 0.7059686
0.1785714 0.4156098 0.7195830
0.1785714 0.4575610 0.7341090
0.1785714 0.4995122 0.7497099
0.1785714 0.5414634 0.7665988
0.1785714 0.5834146 0.7850479
0.1785714 0.6253659 0.8053993
0.1785714 0.6673171 0.8280752
0.1785714 0.7092683 0.8535871
0.1785714 0.7512195 0.8825412
0.1785714 0.7931707 0.9156424
0.1785714 0.8351220 0.9537038
0.1785714 0.8770732 0.9976749
0.1785714 0.9190244 1.0487159
0.1785714 0.9609756 1.1083503
0.1785714 1.0029268 1.1787574
0.1785714 1.0448780 1.2633393
0.1785714 1.0868293 1.3679281
0.1785714 1.1287805 1.5038018
0.1785714 1.1707317 1.6973930
0.1785714 1.2126829 2.0407077
0.1785714 1.2546341 2.8227216
0.1785714 1.2965854 1.9311974
0.1785714 1.3385366 1.6674973
0.1785714 1.3804878 1.5108666
0.1785714 1.4224390 1.4010716
0.1785714 1.4643902 1.3178605
0.1785714 1.5063415 1.2519536
0.1785714 1.5482927 1.1983667
0.1785714 1.5902439 1.1541773
0.1785714 1.6321951 1.1176089
0.1785714 1.6741463 1.0876055
0.1785714 1.7160976 1.0636017
0.1785714 1.7580488 1.0453412
0.1785714 1.8000000 1.0326462
0.2333333 0.0800000 0.6462613
0.2333333 0.1219512 0.6547400
0.2333333 0.1639024 0.6642451
0.2333333 0.2058537 0.6745437
0.2333333 0.2478049 0.6855108
0.2333333 0.2897561 0.6970928
0.2333333 0.3317073 0.7092856
0.2333333 0.3736585 0.7221229
0.2333333 0.4156098 0.7356711
0.2333333 0.4575610 0.7500284
0.2333333 0.4995122 0.7653264
0.2333333 0.5414634 0.7817348
0.2333333 0.5834146 0.7994677
0.2333333 0.6253659 0.8187916
0.2333333 0.6673171 0.8400343
0.2333333 0.7092683 0.8635945
0.2333333 0.7512195 0.8899505
0.2333333 0.7931707 0.9196695
0.2333333 0.8351220 0.9534185
0.2333333 0.8770732 0.9919841
0.2333333 0.9190244 1.0363126
0.2333333 0.9609756 1.0875926
0.2333333 1.0029268 1.1474130
0.2333333 1.0448780 1.2180628
0.2333333 1.0868293 1.3031199
0.2333333 1.1287805 1.4087307
0.2333333 1.1707317 1.5468720
0.2333333 1.2126829 1.7461327
0.2333333 1.2546341 2.1111129
0.2333333 1.2965854 2.6653454
0.2333333 1.3385366 1.9306948
0.2333333 1.3804878 1.6791364
0.2333333 1.4224390 1.5265169
0.2333333 1.4643902 1.4184464
0.2333333 1.5063415 1.3360016
0.2333333 1.5482927 1.2703656
0.2333333 1.5902439 1.2167514
0.2333333 1.6321951 1.1723260
0.2333333 1.6741463 1.1353486
0.2333333 1.7160976 1.1047664
0.2333333 1.7580488 1.0799996
0.2333333 1.8000000 1.0607826
0.2880952 0.0800000 0.6614097
0.2880952 0.1219512 0.6703006
0.2880952 0.1639024 0.6801302
0.2880952 0.2058537 0.6906759
0.2880952 0.2478049 0.7018249
0.2880952 0.2897561 0.7135315
0.2880952 0.3317073 0.7257941
0.2880952 0.3736585 0.7386437
0.2880952 0.4156098 0.7521383
0.2880952 0.4575610 0.7663617
0.2880952 0.4995122 0.7814242
0.2880952 0.5414634 0.7974659
0.2880952 0.5834146 0.8146613
0.2880952 0.6253659 0.8332254
0.2880952 0.6673171 0.8534208
0.2880952 0.7092683 0.8755660
0.2880952 0.7512195 0.9000448
0.2880952 0.7931707 0.9273159
0.2880952 0.8351220 0.9579251
0.2880952 0.8770732 0.9925220
0.2880952 0.9190244 1.0318877
0.2880952 0.9609756 1.0769860
0.2880952 1.0029268 1.1290559
0.2880952 1.0448780 1.1897850
0.2880952 1.0868293 1.2616334
0.2880952 1.1287805 1.3484839
0.2880952 1.1707317 1.4570865
0.2880952 1.2126829 1.6008685
0.2880952 1.2546341 1.8132074
0.2880952 1.2965854 2.2307030
0.2880952 1.3385366 2.4722040
0.2880952 1.3804878 1.9087226
0.2880952 1.4224390 1.6779147
0.2880952 1.4643902 1.5329857
0.2880952 1.5063415 1.4286839
0.2880952 1.5482927 1.3483133
0.2880952 1.5902439 1.2838642
0.2880952 1.6321951 1.2309083
0.2880952 1.6741463 1.1867900
0.2880952 1.7160976 1.1498584
0.2880952 1.7580488 1.1191018
0.2880952 1.8000000 1.0939531
0.3428571 0.0800000 0.6770917
0.3428571 0.1219512 0.6864048
0.3428571 0.1639024 0.6965464
0.3428571 0.2058537 0.7073174
0.3428571 0.2478049 0.7186244
0.3428571 0.2897561 0.7304339
0.3428571 0.3317073 0.7427500
0.3428571 0.3736585 0.7556038
0.3428571 0.4156098 0.7690488
0.3428571 0.4575610 0.7831589
0.3428571 0.4995122 0.7980296
0.3428571 0.5414634 0.8137803
0.3428571 0.5834146 0.8305574
0.3428571 0.6253659 0.8485396
0.3428571 0.6673171 0.8679432
0.3428571 0.7092683 0.8890297
0.3428571 0.7512195 0.9121133
0.3428571 0.7931707 0.9375705
0.3428571 0.8351220 0.9658518
0.3428571 0.8770732 0.9974963
0.3428571 0.9190244 1.0331538
0.3428571 0.9609756 1.0736210
0.3428571 1.0029268 1.1199018
0.3428571 1.0448780 1.1733160
0.3428571 1.0868293 1.2356955
0.3428571 1.1287805 1.3097555
0.3428571 1.1707317 1.3998534
0.3428571 1.2126829 1.5137336
0.3428571 1.2546341 1.6673599
0.3428571 1.2965854 1.9032695
0.3428571 1.3385366 2.4386492
0.3428571 1.3804878 2.3004889
0.3428571 1.4224390 1.8724167
0.3428571 1.4643902 1.6664748
0.3428571 1.5063415 1.5316776
0.3428571 1.5482927 1.4326699
0.3428571 1.5902439 1.3554116
0.3428571 1.6321951 1.2929045
0.3428571 1.6741463 1.2411861
0.3428571 1.7160976 1.1978407
0.3428571 1.7580488 1.1613476
0.3428571 1.8000000 1.1307651
0.3976190 0.0800000 0.6934282
0.3976190 0.1219512 0.7031563
0.3976190 0.1639024 0.7135830
0.3976190 0.2058537 0.7245476
0.3976190 0.2478049 0.7359821
0.3976190 0.2897561 0.7478682
0.3976190 0.3317073 0.7602177
0.3976190 0.3736585 0.7730636
0.3976190 0.4156098 0.7864569
0.3976190 0.4575610 0.8004648
0.3976190 0.4995122 0.8151724
0.3976190 0.5414634 0.8306836
0.3976190 0.5834146 0.8471247
0.3976190 0.6253659 0.8646479
0.3976190 0.6673171 0.8834361
0.3976190 0.7092683 0.9037088
0.3976190 0.7512195 0.9257290
0.3976190 0.7931707 0.9498116
0.3976190 0.8351220 0.9763336
0.3976190 0.8770732 1.0057475
0.3976190 0.9190244 1.0385994
0.3976190 0.9609756 1.0755569
0.3976190 1.0029268 1.1174531
0.3976190 1.0448780 1.1653603
0.3976190 1.0868293 1.2207185
0.3976190 1.1287805 1.2855680
0.3976190 1.1707317 1.3629975
0.3976190 1.2126829 1.4580846
0.3976190 1.2546341 1.5801619
0.3976190 1.2965854 1.7495531
0.3976190 1.3385366 2.0268800
0.3976190 1.3804878 2.9460191
0.3976190 1.4224390 2.1571816
0.3976190 1.4643902 1.8281435
0.3976190 1.5063415 1.6475733
0.3976190 1.5482927 1.5241356
0.3976190 1.5902439 1.4313980
0.3976190 1.6321951 1.3579939
0.3976190 1.6741463 1.2980043
0.3976190 1.7160976 1.2479836
0.3976190 1.7580488 1.2057916
0.3976190 1.8000000 1.1700637
0.4523810 0.0800000 0.7105479
0.4523810 0.1219512 0.7206556
0.4523810 0.1639024 0.7313217
0.4523810 0.2058537 0.7424361
0.4523810 0.2478049 0.7539603
0.4523810 0.2897561 0.7658922
0.4523810 0.3317073 0.7782515
0.4523810 0.3736585 0.7910741
0.4523810 0.4156098 0.8044093
0.4523810 0.4575610 0.8183199
0.4523810 0.4995122 0.8328828
0.4523810 0.5414634 0.8481906
0.4523810 0.5834146 0.8643542
0.4523810 0.6253659 0.8815063
0.4523810 0.6673171 0.8998048
0.4523810 0.7092683 0.9194381
0.4523810 0.7512195 0.9406307
0.4523810 0.7931707 0.9636510
0.4523810 0.8351220 0.9888199
0.4523810 0.8770732 1.0165225
0.4523810 0.9190244 1.0472237
0.4523810 0.9609756 1.0814910
0.4523810 1.0029268 1.1200280
0.4523810 1.0448780 1.1637292
0.4523810 1.0868293 1.2137701
0.4523810 1.1287805 1.2717645
0.4523810 1.1707317 1.3400537
0.4523810 1.2126829 1.4222754
0.4523810 1.2546341 1.5246117
0.4523810 1.2965854 1.6589844
0.4523810 1.3385366 1.8535893
0.4523810 1.3804878 2.2102188
0.4523810 1.4224390 2.8035592
0.4523810 1.4643902 2.0380474
0.4523810 1.5063415 1.7805530
0.4523810 1.5482927 1.6236788
0.4523810 1.5902439 1.5118559
0.4523810 1.6321951 1.4258711
0.4523810 1.6741463 1.3567801
0.4523810 1.7160976 1.2997057
0.4523810 1.7580488 1.2517230
0.4523810 1.8000000 1.2109787
0.5071429 0.0800000 0.7285871
0.5071429 0.1219512 0.7389992
0.5071429 0.1639024 0.7498363
0.5071429 0.2058537 0.7610441
0.5071429 0.2478049 0.7726129
0.5071429 0.2897561 0.7845553
0.5071429 0.3317073 0.7968981
0.5071429 0.3736585 0.8096793
0.5071429 0.4156098 0.8229472
0.5071429 0.4575610 0.8367609
0.5071429 0.4995122 0.8511907
0.5071429 0.5414634 0.8663207
0.5071429 0.5834146 0.8822499
0.5071429 0.6253659 0.8990958
0.5071429 0.6673171 0.9169973
0.5071429 0.7092683 0.9361192
0.5071429 0.7512195 0.9566570
0.5071429 0.7931707 0.9788434
0.5071429 0.8351220 1.0029562
0.5071429 0.8770732 1.0293283
0.5071429 0.9190244 1.0583613
0.5071429 0.9609756 1.0905445
0.5071429 1.0029268 1.1264821
0.5071429 1.0448780 1.1669357
0.5071429 1.0868293 1.2128921
0.5071429 1.1287805 1.2656769
0.5071429 1.1707317 1.3271544
0.5071429 1.2126829 1.4001044
0.5071429 1.2546341 1.4889917
0.5071429 1.2965854 1.6017508
0.5071429 1.3385366 1.7547707
0.5071429 1.3804878 1.9920787
0.5071429 1.4224390 2.5466478
0.5071429 1.4643902 2.3555934
0.5071429 1.5063415 1.9379766
0.5071429 1.5482927 1.7326239
0.5071429 1.5902439 1.5967842
0.5071429 1.6321951 1.4961675
0.5071429 1.6741463 1.4170276
0.5071429 1.7160976 1.3524660
0.5071429 1.7580488 1.2985442
0.5071429 1.8000000 1.2528280
0.5619048 0.0800000 0.7476812
0.5619048 0.1219512 0.7582745
0.5619048 0.1639024 0.7691910
0.5619048 0.2058537 0.7804242
0.5619048 0.2478049 0.7919863
0.5619048 0.2897561 0.8039005
0.5619048 0.3317073 0.8161982
0.5619048 0.3736585 0.8289183
0.5619048 0.4156098 0.8421077
0.5619048 0.4575610 0.8558218
0.5619048 0.4995122 0.8701259
0.5619048 0.5414634 0.8850966
0.5619048 0.5834146 0.9008237
0.5619048 0.6253659 0.9174128
0.5619048 0.6673171 0.9349880
0.5619048 0.7092683 0.9536957
0.5619048 0.7512195 0.9737091
0.5619048 0.7931707 0.9952334
0.5619048 0.8351220 1.0185129
0.5619048 0.8770732 1.0438401
0.5619048 0.9190244 1.0715671
0.5619048 0.9609756 1.1021221
0.5619048 1.0029268 1.1360320
0.5619048 1.0448780 1.1739575
0.5619048 1.0868293 1.2167456
0.5619048 1.1287805 1.2655173
0.5619048 1.1707317 1.3218142
0.5619048 1.2126829 1.3878662
0.5619048 1.2546341 1.4671094
0.5619048 1.2965854 1.5653048
0.5619048 1.3385366 1.6933369
0.5619048 1.3804878 1.8760761
0.5619048 1.4224390 2.1963254
0.5619048 1.4643902 3.2798191
0.5619048 1.5063415 2.1347102
0.5619048 1.5482927 1.8528201
0.5619048 1.5902439 1.6860809
0.5619048 1.6321951 1.5683836
0.5619048 1.6741463 1.4781778
0.5619048 1.7160976 1.4056970
0.5619048 1.7580488 1.3456900
0.5619048 1.8000000 1.2950241
0.6166667 0.0800000 0.7679459
0.6166667 0.1219512 0.7785528
0.6166667 0.1639024 0.7894384
0.6166667 0.2058537 0.8006201
0.6166667 0.2478049 0.8121200
0.6166667 0.2897561 0.8239652
0.6166667 0.3317073 0.8361880
0.6166667 0.3736585 0.8488265
0.6166667 0.4156098 0.8619249
0.6166667 0.4575610 0.8755353
0.6166667 0.4995122 0.8897180
0.6166667 0.5414634 0.9045434
0.6166667 0.5834146 0.9200937
0.6166667 0.6253659 0.9364648
0.6166667 0.6673171 0.9537691
0.6166667 0.7092683 0.9721387
0.6166667 0.7512195 0.9917291
0.6166667 0.7931707 1.0127242
0.6166667 0.8351220 1.0353422
0.6166667 0.8770732 1.0598439
0.6166667 0.9190244 1.0865428
0.6166667 0.9609756 1.1158191
0.6166667 1.0029268 1.1481397
0.6166667 1.0448780 1.1840871
0.6166667 1.0868293 1.2244031
0.6166667 1.1287805 1.2700582
0.6166667 1.1707317 1.3223665
0.6166667 1.2126829 1.3831859
0.6166667 1.2546341 1.4552928
0.6166667 1.2965854 1.5431481
0.6166667 1.3385366 1.6546689
0.6166667 1.3804878 1.8061746
0.6166667 1.4224390 2.0413683
0.6166667 1.4643902 2.5893917
0.6166667 1.5063415 2.4089187
0.6166667 1.5482927 1.9869416
0.6166667 1.5902439 1.7794473
0.6166667 1.6321951 1.6418228
0.6166667 1.6741463 1.5395350
0.6166667 1.7160976 1.4587658
0.6166667 1.7580488 1.3925812
0.6166667 1.8000000 1.3370153
0.6714286 0.0800000 0.7894529
0.6714286 0.1219512 0.7998812
0.6714286 0.1639024 0.8106164
0.6714286 0.2058537 0.8216660
0.6714286 0.2478049 0.8330468
0.6714286 0.2897561 0.8447820
0.6714286 0.3317073 0.8569004
0.6714286 0.3736585 0.8694367
0.6714286 0.4156098 0.8824318
0.6714286 0.4575610 0.8959334
0.6714286 0.4995122 0.9099973
0.6714286 0.5414634 0.9246884
0.6714286 0.5834146 0.9400823
0.6714286 0.6253659 0.9562671
0.6714286 0.6673171 0.9733457
0.6714286 0.7092683 0.9914386
0.6714286 0.7512195 1.0106875
0.6714286 0.7931707 1.0312593
0.6714286 0.8351220 1.0533519
0.6714286 0.8770732 1.0772012
0.6714286 0.9190244 1.1030903
0.6714286 0.9609756 1.1313619
0.6714286 1.0029268 1.1624359
0.6714286 1.0448780 1.1968343
0.6714286 1.0868293 1.2352183
0.6714286 1.1287805 1.2784462
0.6714286 1.1707317 1.3276661
0.6714286 1.2126829 1.3844751
0.6714286 1.2546341 1.4512057
0.6714286 1.2965854 1.5314886
0.6714286 1.3385366 1.6314826
0.6714286 1.3804878 1.7630186
0.6714286 1.4224390 1.9539197
0.6714286 1.4643902 2.3035455
0.6714286 1.5063415 2.9343155
0.6714286 1.5482927 2.1390448
0.6714286 1.5902439 1.8762400
0.6714286 1.6321951 1.7155196
0.6714286 1.6741463 1.6002444
0.6714286 1.7160976 1.5109529
0.6714286 1.7580488 1.4386024
0.6714286 1.8000000 1.3782537
0.7261905 0.0800000 0.8122126
0.7261905 0.1219512 0.8222779
0.7261905 0.1639024 0.8327472
0.7261905 0.2058537 0.8435871
0.7261905 0.2478049 0.8547941
0.7261905 0.2897561 0.8663799
0.7261905 0.3317073 0.8783658
0.7261905 0.3736585 0.8907806
0.7261905 0.4156098 0.9036603
0.7261905 0.4575610 0.9170482
0.7261905 0.4995122 0.9309953
0.7261905 0.5414634 0.9455615
0.7261905 0.5834146 0.9608165
0.7261905 0.6253659 0.9768419
0.7261905 0.6673171 0.9937328
0.7261905 0.7092683 1.0116004
0.7261905 0.7512195 1.0305751
0.7261905 0.7931707 1.0508108
0.7261905 0.8351220 1.0724891
0.7261905 0.8770732 1.0958263
0.7261905 0.9190244 1.1210818
0.7261905 0.9609756 1.1485688
0.7261905 1.0029268 1.1786705
0.7261905 1.0448780 1.2118620
0.7261905 1.0868293 1.2487427
0.7261905 1.1287805 1.2900859
0.7261905 1.1707317 1.3369175
0.7261905 1.2126829 1.3906468
0.7261905 1.2546341 1.4532976
0.7261905 1.2965854 1.5279471
0.7261905 1.3385366 1.6196443
0.7261905 1.3804878 1.7376150
0.7261905 1.4224390 1.9017821
0.7261905 1.4643902 2.1707620
0.7261905 1.5063415 3.0215980
0.7261905 1.5482927 2.3156944
0.7261905 1.5902439 1.9752365
0.7261905 1.6321951 1.7881679
0.7261905 1.6741463 1.6592750
0.7261905 1.7160976 1.5614486
0.7261905 1.7580488 1.4830970
0.7261905 1.8000000 1.4181840
0.7809524 0.0800000 0.8361759
0.7809524 0.1219512 0.8457332
0.7809524 0.1639024 0.8558387
0.7809524 0.2058537 0.8664004
0.7809524 0.2478049 0.8773846
0.7809524 0.2897561 0.8887855
0.7809524 0.3317073 0.9006133
0.7809524 0.3736585 0.9128892
0.7809524 0.4156098 0.9256431
0.7809524 0.4575610 0.9389131
0.7809524 0.4995122 0.9527456
0.7809524 0.5414634 0.9671955
0.7809524 0.5834146 0.9823275
0.7809524 0.6253659 0.9982174
0.7809524 0.6673171 1.0149539
0.7809524 0.7092683 1.0326406
0.7809524 0.7512195 1.0513992
0.7809524 0.7931707 1.0713726
0.7809524 0.8351220 1.0927300
0.7809524 0.8770732 1.1156724
0.7809524 0.9190244 1.1404402
0.7809524 0.9609756 1.1673242
0.7809524 1.0029268 1.1966788
0.7809524 1.0448780 1.2289430
0.7809524 1.0868293 1.2646689
0.7809524 1.1287805 1.3045658
0.7809524 1.1707317 1.3495687
0.7809524 1.2126829 1.4009507
0.7809524 1.2546341 1.4605175
0.7809524 1.2965854 1.5309673
0.7809524 1.3385366 1.6166210
0.7809524 1.3804878 1.7250954
0.7809524 1.4224390 1.8719045
0.7809524 1.4643902 2.0976552
0.7809524 1.5063415 2.5992057
0.7809524 1.5482927 2.5285736
0.7809524 1.5902439 2.0742925
0.7809524 1.6321951 1.8580644
0.7809524 1.6741463 1.7154243
0.7809524 1.7160976 1.6093670
0.7809524 1.7580488 1.5253780
0.7809524 1.8000000 1.4562467
0.8357143 0.0800000 0.8612565
0.8357143 0.1219512 0.8702176
0.8357143 0.1639024 0.8798878
0.8357143 0.2058537 0.8901169
0.8357143 0.2478049 0.9008377
0.8357143 0.2897561 0.9120238
0.8357143 0.3317073 0.9236720
0.8357143 0.3736585 0.9357945
0.8357143 0.4156098 0.9484142
0.8357143 0.4575610 0.9615638
0.8357143 0.4995122 0.9752846
0.8357143 0.5414634 0.9896271
0.8357143 0.5834146 1.0046513
0.8357143 0.6253659 1.0204280
0.8357143 0.6673171 1.0370406
0.8357143 0.7092683 1.0545865
0.8357143 0.7512195 1.0731802
0.8357143 0.7931707 1.0929563
0.8357143 0.8351220 1.1140741
0.8357143 0.8770732 1.1367225
0.8357143 0.9190244 1.1611278
0.8357143 0.9609756 1.1875628
0.8357143 1.0029268 1.2163605
0.8357143 1.0448780 1.2479322
0.8357143 1.0868293 1.2827945
0.8357143 1.1287805 1.3216089
0.8357143 1.1707317 1.3652438
0.8357143 1.2126829 1.4148740
0.8357143 1.2546341 1.4721513
0.8357143 1.2965854 1.5395133
0.8357143 1.3385366 1.6207960
0.8357143 1.3804878 1.7225904
0.8357143 1.4224390 1.8577900
0.8357143 1.4643902 2.0576981
0.8357143 1.5063415 2.4436667
0.8357143 1.5482927 2.8019767
0.8357143 1.5902439 2.1699133
0.8357143 1.6321951 1.9231024
0.8357143 1.6741463 1.7673563
0.8357143 1.7160976 1.6537787
0.8357143 1.7580488 1.5647508
0.8357143 1.8000000 1.4918924
0.8904762 0.0800000 0.8873602
0.8904762 0.1219512 0.8956924
0.8904762 0.1639024 0.9048856
0.8904762 0.2058537 0.9147450
0.8904762 0.2478049 0.9251723
0.8904762 0.2897561 0.9361204
0.8904762 0.3317073 0.9475725
0.8904762 0.3736585 0.9595306
0.8904762 0.4156098 0.9720106
0.8904762 0.4575610 0.9850390
0.8904762 0.4995122 0.9986526
0.8904762 0.5414634 1.0128974
0.8904762 0.5834146 1.0278292
0.8904762 0.6253659 1.0435146
0.8904762 0.6673171 1.0600323
0.8904762 0.7092683 1.0774748
0.8904762 0.7512195 1.0959509
0.8904762 0.7931707 1.1155888
0.8904762 0.8351220 1.1365400
0.8904762 0.8770732 1.1589845
0.8904762 0.9190244 1.1831375
0.8904762 0.9609756 1.2092588
0.8904762 1.0029268 1.2376653
0.8904762 1.0448780 1.2687479
0.8904762 1.0868293 1.3029973
0.8904762 1.1287805 1.3410408
0.8904762 1.1707317 1.3836991
0.8904762 1.2126829 1.4320788
0.8904762 1.2546341 1.4877258
0.8904762 1.2965854 1.5529029
0.8904762 1.3385366 1.6311281
0.8904762 1.3804878 1.7283419
0.8904762 1.4224390 1.8558535
0.8904762 1.4643902 2.0398217
0.8904762 1.5063415 2.3699663
0.8904762 1.5482927 3.2044812
0.8904762 1.5902439 2.2569111
0.8904762 1.6321951 1.9808683
0.8904762 1.6741463 1.8136836
0.8904762 1.7160976 1.6937660
0.8904762 1.7580488 1.6005491
0.8904762 1.8000000 1.5246038
0.9452381 0.0800000 0.9144081
0.9452381 0.1219512 0.9221218
0.9452381 0.1639024 0.9308238
0.9452381 0.2058537 0.9402935
0.9452381 0.2478049 0.9504083
0.9452381 0.2897561 0.9611033
0.9452381 0.3317073 0.9723481
0.9452381 0.3736585 0.9841350
0.9452381 0.4156098 0.9964727
0.9452381 0.4575610 1.0093820
0.9452381 0.4995122 1.0228949
0.9452381 0.5414634 1.0370531
0.9452381 0.5834146 1.0519089
0.9452381 0.6253659 1.0675251
0.9452381 0.6673171 1.0839767
0.9452381 0.7092683 1.1013522
0.9452381 0.7512195 1.1197560
0.9452381 0.7931707 1.1393114
0.9452381 0.8351220 1.1601641
0.9452381 0.8770732 1.1824876
0.9452381 0.9190244 1.2064893
0.9452381 0.9609756 1.2324196
0.9452381 1.0029268 1.2605841
0.9452381 1.0448780 1.2913599
0.9452381 1.0868293 1.3252198
0.9452381 1.1287805 1.3627682
0.9452381 1.1707317 1.4047950
0.9452381 1.2126829 1.4523623
0.9452381 1.2546341 1.5069493
0.9452381 1.2965854 1.5707103
0.9452381 1.3385366 1.6469704
0.9452381 1.3804878 1.7412841
0.9452381 1.4224390 1.8640513
0.9452381 1.4643902 2.0386384
0.9452381 1.5063415 2.3399441
0.9452381 1.5482927 4.3369893
0.9452381 1.5902439 2.3285838
0.9452381 1.6321951 2.0288891
0.9452381 1.6741463 1.8530964
0.9452381 1.7160976 1.7284940
0.9452381 1.7580488 1.6321777
0.9452381 1.8000000 1.5539229
1.0000000 0.0800000 0.9423478
1.0000000 0.1219512 0.9494812
1.0000000 0.1639024 0.9577000
1.0000000 0.2058537 0.9667756
1.0000000 0.2478049 0.9765701
1.0000000 0.2897561 0.9870044
1.0000000 0.3317073 0.9980365
1.0000000 0.3736585 1.0096501
1.0000000 0.4156098 1.0218466
1.0000000 0.4575610 1.0346417
1.0000000 0.4995122 1.0480627
1.0000000 0.5414634 1.0621477
1.0000000 0.5834146 1.0769456
1.0000000 0.6253659 1.0925161
1.0000000 0.6673171 1.1089312
1.0000000 0.7092683 1.1262762
1.0000000 0.7512195 1.1446525
1.0000000 0.7931707 1.1641797
1.0000000 0.8351220 1.1849997
1.0000000 0.8770732 1.2072815
1.0000000 0.9190244 1.2312275
1.0000000 0.9609756 1.2570823
1.0000000 1.0029268 1.2851444
1.0000000 1.0448780 1.3157825
1.0000000 1.0868293 1.3494595
1.0000000 1.1287805 1.3867669
1.0000000 1.1707317 1.4284780
1.0000000 1.2126829 1.4756323
1.0000000 1.2546341 1.5296757
1.0000000 1.2965854 1.5927102
1.0000000 1.3385366 1.6679701
1.0000000 1.3804878 1.7608322
1.0000000 1.4224390 1.8812868
1.0000000 1.4643902 2.0514833
1.0000000 1.5063415 2.3403241
1.0000000 1.5482927 3.6823935
1.0000000 1.5902439 2.3780145
1.0000000 1.6321951 2.0650337
1.0000000 1.6741463 1.8845235
1.0000000 1.7160976 1.7572909
1.0000000 1.7580488 1.6591577
1.0000000 1.8000000 1.5794787
