# t id iq if torque pcu uutil
0.000000000 0.050000000 0.450000000 0.550000000 0.101250000 0.069100000 0.771031287
0.009372775 0.056818182 0.482716702 0.550000000 0.110388533 0.074098995 0.775714444
0.018745550 0.063636364 0.515433404 0.550000000 0.119767980 0.079455389 0.780428275
0.028118325 0.070454545 0.548150106 0.550000000 0.129388341 0.085169181 0.785172228
0.037491099 0.077272727 0.580866808 0.550000000 0.139249616 0.091240372 0.789945760
0.046863874 0.084090909 0.613583510 0.550000000 0.149351804 0.097668961 0.794748339
0.056236649 0.090909091 0.646300211 0.550000000 0.159694907 0.104454948 0.799579441
0.065609424 0.097727273 0.679016913 0.550000000 0.170278923 0.111598334 0.804438552
0.074982199 0.104545455 0.711733615 0.550000000 0.181103854 0.119099119 0.809325168
0.084354974 0.111363636 0.744450317 0.550000000 0.192169698 0.126957301 0.814238793
0.093727749 0.118181818 0.777167019 0.550000000 0.203476456 0.135172883 0.819178941
0.103100524 0.125000000 0.809883721 0.550000000 0.215024128 0.143745863 0.824145136
0.112473298 0.131818182 0.842600423 0.550000000 0.226812714 0.152676241 0.829136909
0.121846073 0.138636364 0.875317125 0.550000000 0.238842214 0.161964018 0.834153801
0.131218848 0.145454545 0.908033827 0.550000000 0.251112627 0.171609193 0.839195362
0.140591623 0.152272727 0.940750529 0.550000000 0.263623955 0.181611766 0.844261150
0.149964398 0.159090909 0.973467230 0.550000000 0.276376196 0.191971739 0.849350731
0.159337173 0.165909091 1.006183932 0.550000000 0.289369352 0.202689109 0.854463680
0.168709948 0.172727273 1.038900634 0.550000000 0.302603421 0.213763878 0.859599581
0.178082723 0.179545455 1.071617336 0.550000000 0.316078404 0.225196046 0.864758023
0.187455497 0.186363636 1.104334038 0.550000000 0.329794301 0.236985612 0.869938607
0.196828272 0.193181818 1.137050740 0.550000000 0.343751112 0.249132576 0.875140938
0.206201047 0.200000000 1.169767442 0.550000000 0.357948837 0.261636939 0.880364632
0.215573822 0.206818182 1.202484144 0.550000000 0.372387476 0.274498700 0.885609310
0.224946597 0.213636364 1.235200846 0.550000000 0.387067029 0.287717860 0.890874603
0.234319372 0.220454545 1.267917548 0.550000000 0.401987495 0.301294418 0.896160145
0.243692147 0.227272727 1.300634249 0.550000000 0.417148876 0.315228375 0.901465582
0.253064922 0.234090909 1.333350951 0.550000000 0.432551170 0.329519730 0.906790564
0.262437696 0.240909091 1.366067653 0.550000000 0.448194378 0.344168484 0.912134749
0.271810471 0.247727273 1.398784355 0.550000000 0.464078500 0.359174636 0.917497801
0.281183246 0.254545455 1.431501057 0.550000000 0.480203536 0.374538186 0.922879391
0.290556021 0.261363636 1.464217759 0.550000000 0.496569486 0.390259135 0.928279197
0.299928796 0.268181818 1.496934461 0.550000000 0.513176350 0.406337483 0.933696903
0.309301571 0.275000000 1.529651163 0.550000000 0.530024128 0.422773229 0.939132198
0.318674346 0.281818182 1.562367865 0.550000000 0.547112820 0.439566373 0.944584781
0.328047120 0.288636364 1.595084567 0.550000000 0.564442425 0.456716916 0.950054352
0.337419895 0.295454545 1.627801268 0.550000000 0.582012944 0.474224857 0.955540620
0.346792670 0.302272727 1.660517970 0.550000000 0.599824378 0.492090197 0.961043299
0.356165445 0.309090909 1.693234672 0.550000000 0.617876725 0.510312935 0.966562109
0.365538220 0.315909091 1.725951374 0.550000000 0.636169986 0.528893072 0.972096775
0.374910995 0.322727273 1.758668076 0.550000000 0.654704161 0.547830607 0.977647027
0.384283770 0.329545455 1.791384778 0.550000000 0.673479250 0.567125541 0.983212603
0.393656545 0.336363636 1.824101480 0.550000000 0.692495253 0.586777873 0.988793242
0.403029319 0.343181818 1.856818182 0.550000000 0.711752169 0.606787603 0.994388692
0.412402094 0.350000000 1.889534884 0.550000000 0.731250000 0.627154732 0.999998704
0.482216064 0.350000000 1.875000000 0.562500000 0.734062500 0.620068750 0.798436325
0.552030033 0.350000000 1.860465116 0.575000000 0.736744186 0.613087872 0.803123825
0.621844003 0.350000000 1.845930233 0.587500000 0.739295058 0.606212098 0.807811325
0.691657972 0.350000000 1.831395349 0.600000000 0.741715116 0.599441428 0.812498825
0.761471941 0.350000000 1.816860465 0.612500000 0.744004360 0.592775862 0.817186325
0.831285911 0.350000000 1.802325581 0.625000000 0.746162791 0.586215400 0.821873825
0.901099880 0.350000000 1.787790698 0.637500000 0.748190407 0.579760043 0.826561325
0.970913849 0.350000000 1.773255814 0.650000000 0.750087209 0.573409789 0.831248825
1.040727819 0.350000000 1.758720930 0.662500000 0.751853198 0.567164640 0.835936325
1.110541788 0.350000000 1.744186047 0.675000000 0.753488372 0.561024594 0.840623825
1.180355758 0.350000000 1.729651163 0.687500000 0.754992733 0.554989653 0.845311325
1.250169727 0.350000000 1.715116279 0.700000000 0.756366279 0.549059816 0.849998825
1.319983696 0.350000000 1.700581395 0.712500000 0.757609012 0.543235083 0.854686325
1.389797666 0.350000000 1.686046512 0.725000000 0.758720930 0.537515454 0.859373825
1.459611635 0.350000000 1.671511628 0.737500000 0.759702035 0.531900930 0.864061325
1.529425605 0.350000000 1.656976744 0.750000000 0.760552326 0.526391509 0.868748825
1.599239574 0.350000000 1.642441860 0.762500000 0.761271802 0.520987192 0.873436325
1.669053543 0.350000000 1.627906977 0.775000000 0.761860465 0.515687980 0.878123825
1.738867513 0.350000000 1.613372093 0.787500000 0.762318314 0.510493872 0.882811325
1.808681482 0.350000000 1.598837209 0.800000000 0.762645349 0.505404867 0.887498825
1.878495452 0.350000000 1.584302326 0.812500000 0.762841570 0.500420967 0.892186325
1.948309421 0.350000000 1.569767442 0.825000000 0.762906977 0.495542171 0.896873825
2.018123390 0.350000000 1.555232558 0.837500000 0.762841570 0.490768480 0.901561325
2.087937360 0.350000000 1.540697674 0.850000000 0.762645349 0.486099892 0.906248825
2.157751329 0.350000000 1.526162791 0.862500000 0.762318314 0.481536408 0.910936325
2.227565299 0.350000000 1.511627907 0.875000000 0.761860465 0.477078029 0.915623825
2.297379268 0.350000000 1.497093023 0.887500000 0.761271802 0.472724753 0.920311325
2.367193237 0.350000000 1.482558140 0.900000000 0.760552326 0.468476582 0.924998825
2.437007207 0.350000000 1.468023256 0.912500000 0.759702035 0.464333515 0.929686325
2.506821176 0.350000000 1.453488372 0.925000000 0.758720930 0.460295552 0.934373825
2.576635145 0.350000000 1.438953488 0.937500000 0.757609012 0.456362693 0.939061325
2.646449115 0.350000000 1.424418605 0.950000000 0.756366279 0.452534938 0.943748825
2.716263084 0.350000000 1.409883721 0.962500000 0.754992733 0.448812287 0.948436325
2.786077054 0.350000000 1.395348837 0.975000000 0.753488372 0.445194740 0.953123825
2.855891023 0.350000000 1.380813953 0.987500000 0.751853198 0.441682298 0.957811325
2.925704992 0.350000000 1.366279070 1.000000000 0.750087209 0.438274959 0.962498825
2.995518962 0.350000000 1.351744186 1.012500000 0.748190407 0.434972725 0.967186325
3.065332931 0.350000000 1.337209302 1.025000000 0.746162791 0.431775595 0.971873825
3.135146901 0.350000000 1.322674419 1.037500000 0.744004360 0.428683569 0.976561325
3.204960870 0.350000000 1.308139535 1.050000000 0.741715116 0.425696647 0.981248825
3.274774839 0.350000000 1.293604651 1.062500000 0.739295058 0.422814829 0.985936325
3.344588809 0.350000000 1.279069767 1.075000000 0.736744186 0.420038115 0.990623825
3.414402778 0.350000000 1.264534884 1.087500000 0.734062500 0.417366506 0.995311325
3.484216748 0.350000000 1.250000000 1.100000000 0.731250000 0.414800000 0.999998825
