# t id iq if torque pcu uutil
0.000000000 0.050000000 0.450000000 0.550000000 0.101250000 0.069100000 0.929034999
0.022288345 0.055326962 0.445373042 0.554300822 0.102179646 0.069096843 0.930647807
0.044576690 0.060653924 0.440746085 0.558601643 0.103068344 0.069114057 0.932260615
0.066865035 0.065980885 0.436119127 0.562902465 0.103916095 0.069151641 0.933873423
0.089153380 0.071307847 0.431492169 0.567203286 0.104722899 0.069209596 0.935486231
0.111441725 0.076634809 0.426865211 0.571504108 0.105488756 0.069287922 0.937099039
0.133730070 0.081961771 0.422238254 0.575804929 0.106213666 0.069386618 0.938711847
0.156018415 0.087288733 0.417611296 0.580105751 0.106897628 0.069505685 0.940324655
0.178306760 0.092615695 0.412984338 0.584406573 0.107540643 0.069645122 0.941937463
0.200595105 0.097942656 0.408357381 0.588707394 0.108142711 0.069804930 0.943550272
0.222883450 0.103269618 0.403730423 0.593008216 0.108703832 0.069985108 0.945163080
0.245171796 0.108596580 0.399103465 0.597309037 0.109224005 0.070185657 0.946775888
0.267460141 0.113923542 0.394476508 0.601609859 0.109703231 0.070406577 0.948388696
0.289748486 0.119250504 0.389849550 0.605910680 0.110141510 0.070647867 0.950001504
0.312036831 0.124577465 0.385222592 0.610211502 0.110538842 0.070909528 0.951614312
0.334325176 0.129904427 0.380595634 0.614512324 0.110895226 0.071191559 0.953227120
0.356613521 0.135231389 0.375968677 0.618813145 0.111210663 0.071493961 0.954839928
0.378901866 0.140558351 0.371341719 0.623113967 0.111485153 0.071816733 0.956452736
0.401190211 0.145885313 0.366714761 0.627414788 0.111718696 0.072159876 0.958065544
0.423478556 0.151212274 0.362087804 0.631715610 0.111911291 0.072523390 0.959678352
0.445766901 0.156539236 0.357460846 0.636016431 0.112062940 0.072907274 0.961291161
0.468055246 0.161866198 0.352833888 0.640317253 0.112173641 0.073311529 0.962903969
0.490343591 0.167193160 0.348206931 0.644618074 0.112243394 0.073736155 0.964516777
0.512631936 0.172520122 0.343579973 0.648918896 0.112272201 0.074181150 0.966129585
0.534920281 0.177847084 0.338953015 0.653219718 0.112260060 0.074646517 0.967742393
0.557208626 0.183174045 0.334326057 0.657520539 0.112206972 0.075132254 0.969355201
0.579496971 0.188501007 0.329699100 0.661821361 0.112112937 0.075638362 0.970968009
0.601785316 0.193827969 0.325072142 0.666122182 0.111977955 0.076164840 0.972580817
0.624073661 0.199154931 0.320445184 0.670423004 0.111802025 0.076711689 0.974193625
0.646362006 0.204481893 0.315818227 0.674723825 0.111585148 0.077278908 0.975806433
0.668650351 0.209808854 0.311191269 0.679024647 0.111327324 0.077866498 0.977419241
0.690938696 0.215135816 0.306564311 0.683325469 0.111028553 0.078474459 0.979032049
0.713227042 0.220462778 0.301937353 0.687626290 0.110688834 0.079102790 0.980644858
0.735515387 0.225789740 0.297310396 0.691927112 0.110308168 0.079751492 0.982257666
0.757803732 0.231116702 0.292683438 0.696227933 0.109886555 0.080420564 0.983870474
0.780092077 0.236443664 0.288056480 0.700528755 0.109423995 0.081110007 0.985483282
0.802380422 0.241770625 0.283429523 0.704829576 0.108920488 0.081819821 0.987096090
0.824668767 0.247097587 0.278802565 0.709130398 0.108376033 0.082550005 0.988708898
0.846957112 0.252424549 0.274175607 0.713431220 0.107790631 0.083300559 0.990321706
0.869245457 0.257751511 0.269548650 0.717732041 0.107164282 0.084071484 0.991934514
0.891533802 0.263078473 0.264921692 0.722032863 0.106496985 0.084862780 0.993547322
0.913822147 0.268405434 0.260294734 0.726333684 0.105788741 0.085674447 0.995160130
0.936110492 0.273732396 0.255667776 0.730634506 0.105039550 0.086506484 0.996772938
0.958398837 0.279059358 0.251040819 0.734935327 0.104249412 0.087358891 0.998385747
0.980687182 0.284386320 0.246413861 0.739236149 0.103418327 0.088231669 0.999998555
1.020633857 0.279722834 0.246808404 0.747007418 0.103652866 0.089227890 0.874687105
1.060580531 0.275059348 0.247202946 0.754778686 0.103887625 0.090245614 0.877601331
1.100527206 0.270395862 0.247597489 0.762549955 0.104122605 0.091284842 0.880515556
1.140473881 0.265732376 0.247992031 0.770321223 0.104357805 0.092345573 0.883429782
1.180420555 0.261068890 0.248386574 0.778092492 0.104593226 0.093427808 0.886344008
1.220367230 0.256405404 0.248781117 0.785863761 0.104828867 0.094531546 0.889258233
1.260313905 0.251741918 0.249175659 0.793635029 0.105064729 0.095656788 0.892172459
1.300260579 0.247078432 0.249570202 0.801406298 0.105300811 0.096803532 0.895086685
1.340207254 0.242414946 0.249964745 0.809177566 0.105537114 0.097971781 0.898000911
1.380153929 0.237751460 0.250359287 0.816948835 0.105773637 0.099161533 0.900915136
1.420100603 0.233087974 0.250753830 0.824720104 0.106010380 0.100372788 0.903829362
1.460047278 0.228424488 0.251148372 0.832491372 0.106247344 0.101605546 0.906743588
1.499993953 0.223761002 0.251542915 0.840262641 0.106484528 0.102859809 0.909657814
1.539940627 0.219097516 0.251937458 0.848033909 0.106721933 0.104135574 0.912572039
1.579887302 0.214434030 0.252332000 0.855805178 0.106959558 0.105432843 0.915486265
1.619833977 0.209770544 0.252726543 0.863576447 0.107197404 0.106751615 0.918400491
1.659780651 0.205107058 0.253121085 0.871347715 0.107435470 0.108091891 0.921314716
1.699727326 0.200443572 0.253515628 0.879118984 0.107673757 0.109453670 0.924228942
1.739674001 0.195780086 0.253910171 0.886890252 0.107912264 0.110836953 0.927143168
1.779620675 0.191116600 0.254304713 0.894661521 0.108150991 0.112241739 0.930057394
1.819567350 0.186453114 0.254699256 0.902432790 0.108389939 0.113668029 0.932971619
1.859514025 0.181789628 0.255093799 0.910204058 0.108629107 0.115115822 0.935885845
1.899460699 0.177126142 0.255488341 0.917975327 0.108868496 0.116585118 0.938800071
1.939407374 0.172462656 0.255882884 0.925746595 0.109108106 0.118075918 0.941714297
1.979354049 0.167799170 0.256277426 0.933517864 0.109347935 0.119588221 0.944628522
2.019300723 0.163135684 0.256671969 0.941289133 0.109587986 0.121122028 0.947542748
2.059247398 0.158472198 0.257066512 0.949060401 0.109828256 0.122677338 0.950456974
2.099194073 0.153808712 0.257461054 0.956831670 0.110068747 0.124254152 0.953371199
2.139140747 0.149145226 0.257855597 0.964602938 0.110309459 0.125852469 0.956285425
2.179087422 0.144481740 0.258250140 0.972374207 0.110550391 0.127472289 0.959199651
2.219034097 0.139818254 0.258644682 0.980145476 0.110791543 0.129113613 0.962113877
2.258980771 0.135154768 0.259039225 0.987916744 0.111032916 0.130776440 0.965028102
2.298927446 0.130491282 0.259433767 0.995688013 0.111274509 0.132460771 0.967942328
2.338874121 0.125827796 0.259828310 1.003459282 0.111516323 0.134166605 0.970856554
2.378820795 0.121164310 0.260222853 1.011230550 0.111758357 0.135893943 0.973770780
2.418767470 0.116500824 0.260617395 1.019001819 0.112000612 0.137642784 0.976685005
2.458714145 0.111837338 0.261011938 1.026773087 0.112243087 0.139413128 0.979599231
2.498660819 0.107173852 0.261406480 1.034544356 0.112485783 0.141204976 0.982513457
2.538607494 0.102510366 0.261801023 1.042315625 0.112728699 0.143018327 0.985427682
2.578554169 0.097846880 0.262195566 1.050086893 0.112971835 0.144853182 0.988341908
2.618500843 0.093183394 0.262590108 1.057858162 0.113215192 0.146709540 0.991256134
2.658447518 0.088519908 0.262984651 1.065629430 0.113458770 0.148587402 0.994170360
2.698394193 0.083856421 0.263379194 1.073400699 0.113702568 0.150486767 0.997084585
2.738340867 0.079192935 0.263773736 1.081171968 0.113946586 0.152407636 0.999998811
2.744659338 0.085347642 0.286187969 1.081599877 0.124624467 0.154653039 0.993098779
2.750977808 0.091502348 0.308602203 1.082027787 0.135458243 0.157071376 0.993259245
2.757296278 0.097657054 0.331016436 1.082455697 0.146447914 0.159662645 0.993419712
2.763614749 0.103811760 0.353430669 1.082883607 0.157593480 0.162426848 0.993580178
2.769933219 0.109966466 0.375844903 1.083311517 0.168894941 0.165363983 0.993740644
2.776251689 0.116121172 0.398259136 1.083739427 0.180352297 0.168474052 0.993901110
2.782570160 0.122275878 0.420673369 1.084167336 0.191965548 0.171757053 0.994061576
2.788888630 0.128430584 0.443087602 1.084595246 0.203734694 0.175212988 0.994222043
2.795207100 0.134585290 0.465501836 1.085023156 0.215659735 0.178841855 0.994382509
2.801525570 0.140739996 0.487916069 1.085451066 0.227740671 0.182643656 0.994542975
2.807844041 0.146894702 0.510330302 1.085878976 0.239977502 0.186618389 0.994703441
2.814162511 0.153049408 0.532744535 1.086306886 0.252370228 0.190766056 0.994863907
2.820480981 0.159204114 0.555158769 1.086734795 0.264918849 0.195086655 0.995024373
2.826799452 0.165358820 0.577573002 1.087162705 0.277623364 0.199580188 0.995184840
2.833117922 0.171513526 0.599987235 1.087590615 0.290483775 0.204246653 0.995345306
2.839436392 0.177668232 0.622401468 1.088018525 0.303500081 0.209086051 0.995505772
2.845754863 0.183822938 0.644815702 1.088446435 0.316672282 0.214098383 0.995666238
2.852073333 0.189977644 0.667229935 1.088874344 0.330000377 0.219283647 0.995826704
2.858391803 0.196132350 0.689644168 1.089302254 0.343484368 0.224641845 0.995987171
2.864710273 0.202287056 0.712058402 1.089730164 0.357124253 0.230172975 0.996147637
2.871028744 0.208441762 0.734472635 1.090158074 0.370920034 0.235877038 0.996308103
2.877347214 0.214596468 0.756886868 1.090585984 0.384871710 0.241754035 0.996468569
2.883665684 0.220751174 0.779301101 1.091013894 0.398979280 0.247803964 0.996629035
2.889984155 0.226905880 0.801715335 1.091441803 0.413242746 0.254026826 0.996789501
2.896302625 0.233060586 0.824129568 1.091869713 0.427662106 0.260422621 0.996949968
2.902621095 0.239215292 0.846543801 1.092297623 0.442237362 0.266991350 0.997110434
2.908939566 0.245369998 0.868958034 1.092725533 0.456968512 0.273733011 0.997270900
2.915258036 0.251524704 0.891372268 1.093153443 0.471855557 0.280647605 0.997431366
2.921576506 0.257679410 0.913786501 1.093581353 0.486898498 0.287735133 0.997591832
2.927894976 0.263834116 0.936200734 1.094009262 0.502097333 0.294995593 0.997752299
2.934213447 0.269988822 0.958614968 1.094437172 0.517452063 0.302428986 0.997912765
2.940531917 0.276143528 0.981029201 1.094865082 0.532962689 0.310035312 0.998073231
2.946850387 0.282298234 1.003443434 1.095292992 0.548629209 0.317814571 0.998233697
2.953168858 0.288452940 1.025857667 1.095720902 0.564451624 0.325766764 0.998394163
2.959487328 0.294607646 1.048271901 1.096148812 0.580429934 0.333891889 0.998554630
2.965805798 0.300762352 1.070686134 1.096576721 0.596564140 0.342189947 0.998715096
2.972124269 0.306917058 1.093100367 1.097004631 0.612854240 0.350660938 0.998875562
2.978442739 0.313071764 1.115514600 1.097432541 0.629300235 0.359304862 0.999036028
2.984761209 0.319226470 1.137928834 1.097860451 0.645902125 0.368121719 0.999196494
2.991079679 0.325381176 1.160343067 1.098288361 0.662659910 0.377111510 0.999356960
2.997398150 0.331535882 1.182757300 1.098716271 0.679573590 0.386274233 0.999517427
3.003716620 0.337690588 1.205171533 1.099144180 0.696643165 0.395609889 0.999677893
3.010035090 0.343845294 1.227585767 1.099572090 0.713868635 0.405118478 0.999838359
3.016353561 0.350000000 1.250000000 1.100000000 0.731250000 0.414800000 0.999998825
