# t id iq if torque pcu uutil
0.000000000 0.050000000 0.450000000 0.550000000 0.101250000 0.069100000 0.972655490
0.028381712 0.093505002 0.444582770 0.551657150 0.110740800 0.069542597 0.973276921
0.056763423 0.137010003 0.439165540 0.553314300 0.119970605 0.070600904 0.973898353
0.085145135 0.180515005 0.433748309 0.554971450 0.128939416 0.072274919 0.974519784
0.113526846 0.224020007 0.428331079 0.556628601 0.137647233 0.074564644 0.975141215
0.141908558 0.267525008 0.422913849 0.558285751 0.146094056 0.077470078 0.975762647
0.170290269 0.311030010 0.417496619 0.559942901 0.154279884 0.080991221 0.976384078
0.198671981 0.354535012 0.412079388 0.561600051 0.162204718 0.085128074 0.977005509
0.227053692 0.398040013 0.406662158 0.563257201 0.169868558 0.089880635 0.977626940
0.255435404 0.441545015 0.401244928 0.564914351 0.177271403 0.095248906 0.978248372
0.283817115 0.485050017 0.395827698 0.566571501 0.184413255 0.101232886 0.978869803
0.312198827 0.528555019 0.390410468 0.568228652 0.191294111 0.107832575 0.979491234
0.340580539 0.572060020 0.384993237 0.569885802 0.197913974 0.115047973 0.980112666
0.368962250 0.615565022 0.379576007 0.571542952 0.204272842 0.122879080 0.980734097
0.397343962 0.659070024 0.374158777 0.573200102 0.210370716 0.131325897 0.981355528
0.425725673 0.702575025 0.368741547 0.574857252 0.216207596 0.140388422 0.981976960
0.454107385 0.746080027 0.363324317 0.576514402 0.221783481 0.150066657 0.982598391
0.482489096 0.789585029 0.357907086 0.578171552 0.227098372 0.160360601 0.983219822
0.510870808 0.833090030 0.352489856 0.579828703 0.232152269 0.171270254 0.983841253
0.539252519 0.876595032 0.347072626 0.581485853 0.236945171 0.182795617 0.984462685
0.567634231 0.920100034 0.341655396 0.583143003 0.241477079 0.194936688 0.985084116
0.596015942 0.963605035 0.336238165 0.584800153 0.245747993 0.207693469 0.985705547
0.624397654 1.007110037 0.330820935 0.586457303 0.249757913 0.221065959 0.986326979
0.652779365 1.050615039 0.325403705 0.588114453 0.253506838 0.235054158 0.986948410
0.681161077 1.094120040 0.319986475 0.589771603 0.256994769 0.249658066 0.987569841
0.709542789 1.137625042 0.314569245 0.591428754 0.260221706 0.264877684 0.988191273
0.737924500 1.181130044 0.309152014 0.593085904 0.263187648 0.280713010 0.988812704
0.766306212 1.224635045 0.303734784 0.594743054 0.265892596 0.297164046 0.989434135
0.794687923 1.268140047 0.298317554 0.596400204 0.268336550 0.314230791 0.990055567
0.823069635 1.311645049 0.292900324 0.598057354 0.270519509 0.331913245 0.990676998
0.851451346 1.355150050 0.287483093 0.599714504 0.272441475 0.350211409 0.991298429
0.879833058 1.398655052 0.282065863 0.601371654 0.274102445 0.369125281 0.991919860
0.908214769 1.442160054 0.276648633 0.603028805 0.275502422 0.388654863 0.992541292
0.936596481 1.485665056 0.271231403 0.604685955 0.276641404 0.408800153 0.993162723
0.964978192 1.529170057 0.265814173 0.606343105 0.277519392 0.429561153 0.993784154
0.993359904 1.572675059 0.260396942 0.608000255 0.278136386 0.450937863 0.994405586
1.021741616 1.616180061 0.254979712 0.609657405 0.278492385 0.472930281 0.995027017
1.050123327 1.659685062 0.249562482 0.611314555 0.278587391 0.495538408 0.995648448
1.078505039 1.703190064 0.244145252 0.612971705 0.278421401 0.518762245 0.996269880
1.106886750 1.746695066 0.238728022 0.614628856 0.277994418 0.542601791 0.996891311
1.135268462 1.790200067 0.233310791 0.616286006 0.277306440 0.567057046 0.997512742
1.163650173 1.833705069 0.227893561 0.617943156 0.276357468 0.592128010 0.998134173
1.192031885 1.877210071 0.222476331 0.619600306 0.275147502 0.617814683 0.998755605
1.220413596 1.920715072 0.217059101 0.621257456 0.273676541 0.644117066 0.999377036
1.248795308 1.964220074 0.211641870 0.622914606 0.271944586 0.671035158 0.999998467
1.270019248 1.952118281 0.211477063 0.628643544 0.270786979 0.664301258 0.907619543
1.291243188 1.940016488 0.211312256 0.634372481 0.269630845 0.657622108 0.909767894
1.312467129 1.927914695 0.211147449 0.640101418 0.268476186 0.650997710 0.911916246
1.333691069 1.915812902 0.210982641 0.645830355 0.267323002 0.644428062 0.914064597
1.354915009 1.903711109 0.210817834 0.651559293 0.266171291 0.637913165 0.916212949
1.376138949 1.891609316 0.210653027 0.657288230 0.265021055 0.631453018 0.918361300
1.397362889 1.879507522 0.210488220 0.663017167 0.263872293 0.625047622 0.920509652
1.418586830 1.867405729 0.210323412 0.668746105 0.262725005 0.618696978 0.922658003
1.439810770 1.855303936 0.210158605 0.674475042 0.261579191 0.612401083 0.924806355
1.461034710 1.843202143 0.209993798 0.680203979 0.260434852 0.606159940 0.926954706
1.482258650 1.831100350 0.209828990 0.685932916 0.259291987 0.599973547 0.929103058
1.503482591 1.818998557 0.209664183 0.691661854 0.258150596 0.593841906 0.931251409
1.524706531 1.806896764 0.209499376 0.697390791 0.257010679 0.587765014 0.933399761
1.545930471 1.794794971 0.209334569 0.703119728 0.255872236 0.581742874 0.935548112
1.567154411 1.782693178 0.209169761 0.708848666 0.254735268 0.575775485 0.937696463
1.588378352 1.770591385 0.209004954 0.714577603 0.253599774 0.569862846 0.939844815
1.609602292 1.758489592 0.208840147 0.720306540 0.252465754 0.564004958 0.941993166
1.630826232 1.746387799 0.208675340 0.726035477 0.251333208 0.558201820 0.944141518
1.652050172 1.734286005 0.208510532 0.731764415 0.250202137 0.552453434 0.946289869
1.673274112 1.722184212 0.208345725 0.737493352 0.249072539 0.546759798 0.948438221
1.694498053 1.710082419 0.208180918 0.743222289 0.247944416 0.541120913 0.950586572
1.715721993 1.697980626 0.208016110 0.748951227 0.246817767 0.535536778 0.952734924
1.736945933 1.685878833 0.207851303 0.754680164 0.245692593 0.530007395 0.954883275
1.758169873 1.673777040 0.207686496 0.760409101 0.244568892 0.524532762 0.957031627
1.779393814 1.661675247 0.207521689 0.766138038 0.243446666 0.519112880 0.959179978
1.800617754 1.649573454 0.207356881 0.771866976 0.242325914 0.513747748 0.961328330
1.821841694 1.637471661 0.207192074 0.777595913 0.241206636 0.508437368 0.963476681
1.843065634 1.625369868 0.207027267 0.783324850 0.240088833 0.503181738 0.965625033
1.864289575 1.613268075 0.206862460 0.789053788 0.238972504 0.497980859 0.967773384
1.885513515 1.601166282 0.206697652 0.794782725 0.237857649 0.492834730 0.969921736
1.906737455 1.589064488 0.206532845 0.800511662 0.236744268 0.487743353 0.972070087
1.927961395 1.576962695 0.206368038 0.806240599 0.235632361 0.482706726 0.974218439
1.949185335 1.564860902 0.206203230 0.811969537 0.234521929 0.477724850 0.976366790
1.970409276 1.552759109 0.206038423 0.817698474 0.233412970 0.472797725 0.978515142
1.991633216 1.540657316 0.205873616 0.823427411 0.232305486 0.467925350 0.980663493
2.012857156 1.528555523 0.205708809 0.829156349 0.231199477 0.463107726 0.982811845
2.034081096 1.516453730 0.205544001 0.834885286 0.230094941 0.458344853 0.984960196
2.055305037 1.504351937 0.205379194 0.840614223 0.228991880 0.453636731 0.987108548
2.076528977 1.492250144 0.205214387 0.846343160 0.227890292 0.448983359 0.989256899
2.097752917 1.480148351 0.205049580 0.852072098 0.226790180 0.444384738 0.991405251
2.118976857 1.468046558 0.204884772 0.857801035 0.225691541 0.439840868 0.993553602
2.140200798 1.455944765 0.204719965 0.863529972 0.224594376 0.435351749 0.995701953
2.161424738 1.443842971 0.204555158 0.869258910 0.223498686 0.430917380 0.997850305
2.182648678 1.431741178 0.204390351 0.874987847 0.222404470 0.426537763 0.999998656
2.195517879 1.407156152 0.228154206 0.880101759 0.245653852 0.418092337 0.917536985
2.208387080 1.382571125 0.251918062 0.885215672 0.268359759 0.410027314 0.919454702
2.221256282 1.357986098 0.275681918 0.890329585 0.290522190 0.402342694 0.921372419
2.234125483 1.333401071 0.299445773 0.895443497 0.312141147 0.395038477 0.923290137
2.246994684 1.308816044 0.323209629 0.900557410 0.333216629 0.388114662 0.925207854
2.259863885 1.284231018 0.346973485 0.905671322 0.353748636 0.381571250 0.927125571
2.272733086 1.259645991 0.370737340 0.910785235 0.373737169 0.375408241 0.929043288
2.285602288 1.235060964 0.394501196 0.915899147 0.393182226 0.369625634 0.930961005
2.298471489 1.210475937 0.418265052 0.921013060 0.412083808 0.364223431 0.932878723
2.311340690 1.185890911 0.442028907 0.926126973 0.430441916 0.359201629 0.934796440
2.324209891 1.161305884 0.465792763 0.931240885 0.448256548 0.354560231 0.936714157
2.337079092 1.136720857 0.489556619 0.936354798 0.465527706 0.350299235 0.938631874
2.349948294 1.112135830 0.513320474 0.941468710 0.482255389 0.346418642 0.940549592
2.362817495 1.087550803 0.537084330 0.946582623 0.498439597 0.342918452 0.942467309
2.375686696 1.062965777 0.560848186 0.951696535 0.514080330 0.339798664 0.944385026
2.388555897 1.038380750 0.584612041 0.956810448 0.529177588 0.337059279 0.946302743
2.401425098 1.013795723 0.608375897 0.961924361 0.543731371 0.334700297 0.948220460
2.414294300 0.989210696 0.632139753 0.967038273 0.557741679 0.332721718 0.950138178
2.427163501 0.964625670 0.655903608 0.972152186 0.571208512 0.331123541 0.952055895
2.440032702 0.940040643 0.679667464 0.977266098 0.584131871 0.329905767 0.953973612
2.452901903 0.915455616 0.703431320 0.982380011 0.596511754 0.329068395 0.955891329
2.465771104 0.890870589 0.727195175 0.987493923 0.608348163 0.328611427 0.957809046
2.478640306 0.866285562 0.750959031 0.992607836 0.619641097 0.328534861 0.959726764
2.491509507 0.841700536 0.774722887 0.997721749 0.630390555 0.328838697 0.961644481
2.504378708 0.817115509 0.798486742 1.002835661 0.640596539 0.329522937 0.963562198
2.517247909 0.792530482 0.822250598 1.007949574 0.650259048 0.330587579 0.965479915
2.530117110 0.767945455 0.846014454 1.013063486 0.659378082 0.332032624 0.967397633
2.542986312 0.743360429 0.869778309 1.018177399 0.667953641 0.333858071 0.969315350
2.555855513 0.718775402 0.893542165 1.023291311 0.675985726 0.336063922 0.971233067
2.568724714 0.694190375 0.917306021 1.028405224 0.683474335 0.338650175 0.973150784
2.581593915 0.669605348 0.941069876 1.033519137 0.690419469 0.341616830 0.975068501
2.594463116 0.645020321 0.964833732 1.038633049 0.696821129 0.344963889 0.976986219
2.607332318 0.620435295 0.988597588 1.043746962 0.702679313 0.348691350 0.978903936
2.620201519 0.595850268 1.012361443 1.048860874 0.707994023 0.352799213 0.980821653
2.633070720 0.571265241 1.036125299 1.053974787 0.712765258 0.357287480 0.982739370
2.645939921 0.546680214 1.059889155 1.059088699 0.716993018 0.362156149 0.984657087
2.658809122 0.522095187 1.083653010 1.064202612 0.720677303 0.367405221 0.986574805
2.671678324 0.497510161 1.107416866 1.069316525 0.723818113 0.373034696 0.988492522
2.684547525 0.472925134 1.131180722 1.074430437 0.726415448 0.379044573 0.990410239
2.697416726 0.448340107 1.154944577 1.079544350 0.728469308 0.385434853 0.992327956
2.710285927 0.423755080 1.178708433 1.084658262 0.729979693 0.392205536 0.994245674
2.723155128 0.399170054 1.202472289 1.089772175 0.730946604 0.399356621 0.996163391
2.736024330 0.374585027 1.226236144 1.094886087 0.731370039 0.406888109 0.998081108
2.748893531 0.350000000 1.250000000 1.100000000 0.731250000 0.414800000 0.999998825
